62
40 70 
31 43 9 1 500 
31 43 2 1 500 
31 43 3 1 500 
31 43 6 1 500 
30 41 1 1 480 
30 41 8 1 480 
29 39 3 1 460 
29 39 4 1 460 
29 39 2 1 460 
29 39 4 1 460 
28 38 9 1 440 
28 38 7 1 440 
28 38 12 1 440 
28 38 2 1 440 
27 37 1 1 420 
27 37 8 1 420 
27 37 5 1 420 
26 36 13 1 410 
26 36 7 1 410 
26 36 9 1 410 
26 36 4 1 410 
25 35 14 1 400 
25 35 5 1 400 
25 35 4 1 400 
24 34 11 1 380 
24 34 16 1 380 
24 34 15 1 380 
24 34 15 1 380 
33 23 2 1 360 
33 23 6 1 360 
33 23 7 1 360 
33 23 7 1 360 
22 32 12 1 340 
22 32 2 1 340 
22 32 18 1 340 
31 21 0 1 320 
31 21 5 1 320 
31 21 9 1 320 
29 18 9 1 300 
29 18 11 1 300 
29 18 11 1 300 
17 27 0 1 280 
17 27 8 1 280 
15 24 5 1 240 
15 24 14 1 240 
16 25 11 1 260 
16 25 16 1 260 
16 25 3 1 260 
16 25 23 1 260 
15 24 10 1 240 
23 14 1 1 220 
23 14 3 1 220 
23 14 8 1 220 
23 14 17 1 220 
21 12 14 1 180 
21 12 4 1 180 
21 12 18 1 180 
19 11 3 1 160 
19 11 13 1 160 
19 11 15 1 160 
19 11 1 1 160 
9 17 22 1 140 
