62
40 70 
31 43 2 1 500 
31 43 8 1 500 
31 43 3 1 500 
31 43 5 1 500 
30 41 10 1 480 
30 41 0 1 480 
29 39 4 1 460 
29 39 2 1 460 
29 39 1 1 460 
29 39 9 1 460 
28 38 2 1 440 
28 38 7 1 440 
28 38 3 1 440 
28 38 8 1 440 
27 37 11 1 420 
27 37 10 1 420 
27 37 6 1 420 
26 36 1 1 410 
26 36 12 1 410 
26 36 6 1 410 
26 36 13 1 410 
25 35 11 1 400 
25 35 3 1 400 
25 35 10 1 400 
24 34 6 1 380 
24 34 2 1 380 
24 34 3 1 380 
24 34 1 1 380 
33 23 3 1 360 
33 23 7 1 360 
33 23 4 1 360 
33 23 7 1 360 
22 32 7 1 340 
22 32 4 1 340 
22 32 13 1 340 
31 21 5 1 320 
31 21 0 1 320 
31 21 4 1 320 
29 18 9 1 300 
29 18 4 1 300 
29 18 3 1 300 
17 27 20 1 280 
17 27 19 1 280 
15 24 16 1 240 
15 24 19 1 240 
16 25 7 1 260 
16 25 2 1 260 
16 25 3 1 260 
16 25 18 1 260 
15 24 15 1 240 
23 14 11 1 220 
23 14 7 1 220 
23 14 0 1 220 
23 14 15 1 220 
21 12 19 1 180 
21 12 16 1 180 
21 12 15 1 180 
19 11 0 1 160 
19 11 7 1 160 
19 11 21 1 160 
19 11 14 1 160 
9 17 23 1 140 
