62
40 70 
31 43 8 1 500 
31 43 6 1 500 
31 43 1 1 500 
31 43 5 1 500 
30 41 0 1 480 
30 41 8 1 480 
29 39 7 1 460 
29 39 10 1 460 
29 39 6 1 460 
29 39 0 1 460 
28 38 1 1 440 
28 38 9 1 440 
28 38 10 1 440 
28 38 9 1 440 
27 37 3 1 420 
27 37 11 1 420 
27 37 7 1 420 
26 36 0 1 410 
26 36 13 1 410 
26 36 7 1 410 
26 36 0 1 410 
25 35 2 1 400 
25 35 6 1 400 
25 35 12 1 400 
24 34 1 1 380 
24 34 14 1 380 
24 34 15 1 380 
24 34 1 1 380 
33 23 6 1 360 
33 23 4 1 360 
33 23 7 1 360 
33 23 5 1 360 
22 32 12 1 340 
22 32 2 1 340 
22 32 1 1 340 
31 21 9 1 320 
31 21 0 1 320 
31 21 9 1 320 
29 18 3 1 300 
29 18 7 1 300 
29 18 2 1 300 
17 27 8 1 280 
17 27 13 1 280 
15 24 1 1 240 
15 24 7 1 240 
16 25 4 1 260 
16 25 19 1 260 
16 25 11 1 260 
16 25 4 1 260 
15 24 7 1 240 
23 14 15 1 220 
23 14 16 1 220 
23 14 14 1 220 
23 14 11 1 220 
21 12 6 1 180 
21 12 8 1 180 
21 12 15 1 180 
19 11 8 1 160 
19 11 15 1 160 
19 11 0 1 160 
19 11 2 1 160 
9 17 0 1 140 
