40
100 100
17 25 38 0 0
30 26 48 0 0
15 18 35 0 0
21 23 56 0 0
19 20 34 0 0
30 14 36 0 0
23 21 38 0 0
25 15 31 0 0
18 20 37 0 0
14 29 34 0 0
20 15 43 0 0
17 20 26 0 0
23 21 31 0 0
19 21 27 0 0
19 25 40 0 0
16 17 49 0 0
18 23 40 0 0
23 18 48 0 0
19 23 28 0 0
20 17 21 0 0
26 21 32 0 0
23 23 46 0 0
23 9 44 0 0
18 10 35 0 0
27 31 46 0 0
18 26 33 0 0
25 22 47 0 0
13 17 43 0 0
25 20 40 0 0
4 23 55 0 0
20 28 57 0 0
28 22 40 0 0
13 21 30 0 0
10 9 44 0 0
17 22 48 0 0
25 25 58 0 0
24 16 46 0 0
19 13 35 0 0
20 25 47 0 0
21 17 32 0 0
