40
100 100
16 24 35 0 0
13 35 37 0 0
8 34 28 0 0
14 30 41 0 0
10 32 46 0 0
1 17 43 0 0
8 31 39 0 0
20 36 20 0 0
9 29 48 0 0
8 33 35 0 0
15 25 53 0 0
8 32 23 0 0
9 28 42 0 0
11 24 33 0 0
7 32 35 0 0
9 22 33 0 0
5 37 33 0 0
13 25 45 0 0
9 25 28 0 0
0 26 36 0 0
17 36 27 0 0
5 28 59 0 0
15 31 36 0 0
14 17 23 0 0
7 27 38 0 0
16 27 26 0 0
17 39 42 0 0
10 24 31 0 0
12 32 49 0 0
3 26 38 0 0
8 25 48 0 0
22 32 40 0 0
10 35 57 0 0
12 32 28 0 0
6 34 52 0 0
5 28 41 0 0
16 27 32 0 0
0 34 37 0 0
9 30 41 0 0
4 34 39 0 0
