40
100 100
14 23 50 0 0
6 37 35 0 0
5 22 27 0 0
7 33 59 0 0
4 29 29 0 0
23 38 36 0 0
16 29 32 0 0
10 27 42 0 0
7 30 50 0 0
4 35 20 0 0
13 40 56 0 0
13 29 34 0 0
18 23 35 0 0
17 28 31 0 0
17 23 47 0 0
7 22 44 0 0
8 38 30 0 0
6 33 42 0 0
17 37 37 0 0
5 31 38 0 0
9 31 15 0 0
13 31 34 0 0
10 26 51 0 0
6 33 40 0 0
10 26 49 0 0
19 30 38 0 0
17 28 29 0 0
14 23 37 0 0
14 39 43 0 0
2 23 41 0 0
5 34 41 0 0
10 25 29 0 0
12 29 32 0 0
9 23 65 0 0
13 31 41 0 0
11 37 60 0 0
17 30 32 0 0
8 39 48 0 0
12 39 61 0 0
8 30 46 0 0
