40
100 100
27 14 39 0 0
24 16 44 0 0
34 24 23 0 0
33 10 57 0 0
33 14 30 0 0
25 4 33 0 0
40 19 60 0 0
26 7 28 0 0
25 19 49 0 0
30 21 42 0 0
20 16 45 0 0
29 8 51 0 0
32 10 41 0 0
27 11 35 0 0
27 4 38 0 0
37 3 35 0 0
28 6 46 0 0
27 4 55 0 0
26 8 41 0 0
34 8 56 0 0
27 6 39 0 0
20 11 48 0 0
29 8 47 0 0
21 10 34 0 0
32 8 44 0 0
41 11 58 0 0
40 21 38 0 0
32 2 56 0 0
35 10 37 0 0
34 1 47 0 0
29 17 34 0 0
34 16 31 0 0
22 15 29 0 0
27 2 37 0 0
29 13 31 0 0
31 12 47 0 0
25 13 46 0 0
35 9 35 0 0
27 21 43 0 0
19 6 52 0 0
