40
100 100
9 27 39 0 0
12 27 33 0 0
9 29 42 0 0
13 41 61 0 0
11 35 34 0 0
15 33 46 0 0
16 32 30 0 0
14 42 38 0 0
17 38 39 0 0
14 26 35 0 0
11 29 40 0 0
15 32 36 0 0
10 28 30 0 0
8 31 38 0 0
4 35 25 0 0
5 32 32 0 0
9 29 54 0 0
10 36 54 0 0
12 27 38 0 0
14 33 47 0 0
5 33 48 0 0
11 28 30 0 0
14 26 48 0 0
11 23 40 0 0
14 34 35 0 0
9 28 34 0 0
10 29 48 0 0
9 28 47 0 0
13 20 40 0 0
7 28 44 0 0
14 21 30 0 0
11 25 27 0 0
8 20 26 0 0
10 31 43 0 0
10 32 45 0 0
13 26 41 0 0
10 30 46 0 0
5 30 40 0 0
20 34 34 0 0
6 29 40 0 0
