40
100 100
17 20 5 0 0
20 24 67 0 0
11 27 49 0 0
10 12 90 0 0
5 21 95 0 0
24 25 52 0 0
18 23 33 0 0
9 19 91 0 0
12 19 84 0 0
12 24 86 0 0
17 21 47 0 0
21 13 11 0 0
17 24 42 0 0
19 18 4 0 0
25 21 39 0 0
7 16 93 0 0
25 15 53 0 0
11 20 64 0 0
12 22 28 0 0
18 28 77 0 0
9 15 81 0 0
22 19 56 0 0
22 24 30 0 0
24 24 30 0 0
15 9 85 0 0
20 20 72 0 0
23 17 0 0 0
20 22 51 0 0
22 19 29 0 0
17 27 83 0 0
22 22 52 0 0
23 18 44 0 0
2 17 98 0 0
25 15 35 0 0
16 24 10 0 0
16 26 6 0 0
25 22 38 0 0
21 22 39 0 0
9 29 91 0 0
11 18 70 0 0
