50
100 100
10 24 54 0 0
7 36 38 0 0
6 40 48 0 0
17 34 33 0 0
7 29 42 0 0
12 40 25 0 0
13 26 34 0 0
7 36 43 0 0
11 34 26 0 0
5 30 42 0 0
10 27 34 0 0
14 35 26 0 0
14 27 40 0 0
18 32 46 0 0
8 25 42 0 0
21 29 21 0 0
11 29 55 0 0
2 29 35 0 0
6 28 42 0 0
14 20 36 0 0
13 31 31 0 0
15 34 41 0 0
13 25 46 0 0
11 28 47 0 0
14 27 42 0 0
0 39 39 0 0
10 24 34 0 0
10 28 51 0 0
16 24 37 0 0
9 25 38 0 0
13 25 39 0 0
17 31 47 0 0
8 32 61 0 0
14 28 45 0 0
13 33 18 0 0
19 31 50 0 0
12 31 57 0 0
18 29 40 0 0
1 31 34 0 0
14 30 39 0 0
7 29 38 0 0
9 41 34 0 0
1 34 34 0 0
2 26 36 0 0
15 36 30 0 0
3 28 31 0 0
10 36 32 0 0
7 37 53 0 0
9 25 34 0 0
7 35 35 0 0
