50
100 100
29 19 51 0 0
16 18 22 0 0
20 16 50 0 0
14 24 47 0 0
22 26 50 0 0
22 26 36 0 0
19 14 51 0 0
25 23 43 0 0
25 13 29 0 0
21 11 33 0 0
19 14 36 0 0
28 13 46 0 0
21 16 29 0 0
15 25 49 0 0
29 20 42 0 0
21 29 43 0 0
28 20 40 0 0
20 21 48 0 0
22 30 33 0 0
24 11 33 0 0
12 21 37 0 0
21 27 42 0 0
17 32 46 0 0
21 23 38 0 0
27 25 26 0 0
15 21 55 0 0
18 12 48 0 0
27 18 33 0 0
12 20 36 0 0
15 19 39 0 0
15 11 42 0 0
14 16 49 0 0
10 13 37 0 0
18 18 29 0 0
19 22 48 0 0
16 17 45 0 0
20 22 29 0 0
13 31 29 0 0
28 20 46 0 0
17 22 48 0 0
24 16 31 0 0
17 16 34 0 0
23 16 41 0 0
14 20 35 0 0
22 19 33 0 0
18 25 54 0 0
15 20 48 0 0
22 28 47 0 0
20 11 44 0 0
18 21 38 0 0
