50
100 100
9 39 36 0 0
7 37 51 0 0
10 30 26 0 0
7 26 31 0 0
3 32 42 0 0
18 23 55 0 0
6 26 50 0 0
15 29 22 0 0
9 19 31 0 0
12 33 23 0 0
5 32 37 0 0
12 40 21 0 0
7 27 63 0 0
8 26 44 0 0
2 36 46 0 0
12 34 29 0 0
12 37 36 0 0
23 34 26 0 0
7 24 24 0 0
13 30 34 0 0
7 40 19 0 0
9 31 71 0 0
9 31 43 0 0
12 32 55 0 0
14 29 33 0 0
9 28 43 0 0
10 23 45 0 0
13 26 46 0 0
8 40 23 0 0
14 41 36 0 0
3 31 34 0 0
8 35 34 0 0
3 26 23 0 0
8 27 32 0 0
15 28 31 0 0
12 25 37 0 0
3 37 47 0 0
14 25 42 0 0
9 34 51 0 0
9 29 61 0 0
10 25 35 0 0
4 26 67 0 0
0 26 53 0 0
5 28 33 0 0
4 32 57 0 0
13 31 46 0 0
12 35 36 0 0
8 34 36 0 0
17 25 66 0 0
15 17 42 0 0
