50
100 100
35 12 34 0 0
21 6 53 0 0
34 16 29 0 0
30 18 48 0 0
44 5 35 0 0
23 8 36 0 0
34 5 43 0 0
35 5 20 0 0
37 16 38 0 0
42 11 35 0 0
30 7 43 0 0
26 14 22 0 0
30 10 63 0 0
21 9 36 0 0
36 3 64 0 0
32 19 25 0 0
35 8 36 0 0
25 13 51 0 0
26 7 34 0 0
31 13 38 0 0
24 21 35 0 0
25 19 41 0 0
29 14 39 0 0
29 12 33 0 0
34 16 48 0 0
27 9 57 0 0
29 2 47 0 0
29 14 43 0 0
37 14 47 0 0
25 4 44 0 0
23 7 40 0 0
37 5 19 0 0
29 8 37 0 0
35 0 42 0 0
24 14 37 0 0
38 12 54 0 0
44 0 35 0 0
34 9 28 0 0
39 13 37 0 0
22 3 48 0 0
30 5 49 0 0
34 11 48 0 0
22 15 55 0 0
27 11 35 0 0
27 10 46 0 0
30 17 53 0 0
30 10 52 0 0
18 8 31 0 0
25 10 29 0 0
32 11 44 0 0
