50
100 100
24 17 14 0 0
15 16 85 0 0
19 23 81 0 0
1 26 99 0 0
14 15 86 0 0
22 20 61 0 0
13 20 39 0 0
6 22 94 0 0
18 19 45 0 0
14 12 9 0 0
20 24 6 0 0
14 25 57 0 0
16 23 83 0 0
18 21 78 0 0
16 12 38 0 0
32 22 65 0 0
11 19 89 0 0
25 23 55 0 0
14 12 67 0 0
15 27 38 0 0
26 16 26 0 0
23 17 76 0 0
15 15 70 0 0
28 19 52 0 0
16 36 19 0 0
22 22 77 0 0
19 21 8 0 0
9 19 91 0 0
24 19 67 0 0
14 31 86 0 0
24 14 35 0 0
19 22 12 0 0
17 15 79 0 0
19 19 81 0 0
19 23 2 0 0
22 17 78 0 0
15 16 54 0 0
21 33 28 0 0
22 13 73 0 0
10 20 83 0 0
24 20 15 0 0
27 24 7 0 0
15 30 43 0 0
28 19 26 0 0
22 15 25 0 0
24 22 69 0 0
20 23 7 0 0
16 21 6 0 0
21 15 8 0 0
16 16 39 0 0
