30
500 500 
348 220 2 1 76560 
255 184 179 1 46920 
191 249 230 1 47559 
212 194 200 1 41128 
348 322 88 1 112056 
171 369 131 1 63099 
206 327 50 1 67362 
221 277 7 1 61217 
250 202 130 1 50500 
205 226 179 1 46330 
193 280 21 1 54040 
364 311 27 1 113204 
264 224 190 1 59136 
244 347 19 1 84668 
270 338 178 1 91260 
224 236 152 1 52864 
168 177 9 1 29736 
285 347 103 1 98895 
315 294 25 1 92610 
247 219 144 1 54093 
315 302 40 1 95130 
129 147 167 1 18963 
268 273 219 1 73164 
350 352 78 1 123200 
186 258 36 1 47988 
365 374 130 1 136510 
145 259 266 1 37555 
284 184 153 1 52256 
129 198 3 1 25542 
146 351 58 1 51246 


