50
500 500 
277 242 14 1 67034 
233 177 13 1 41241 
182 216 316 1 39312 
147 134 20 1 19698 
213 127 285 1 27051 
315 212 122 1 66780 
261 175 116 1 45675 
210 281 114 1 59010 
243 256 19 1 62208 
159 314 252 1 49926 
217 147 35 1 31899 
260 349 160 1 90740 
222 199 177 1 44178 
296 127 196 1 37592 
263 302 200 1 79426 
226 250 192 1 56500 
264 344 80 1 90816 
237 179 166 1 42423 
245 137 148 1 33565 
137 328 33 1 44936 
321 154 126 1 49434 
200 174 206 1 34800 
270 128 92 1 34560 
299 179 85 1 53521 
165 370 260 1 61050 
198 182 232 1 36036 
155 295 128 1 45725 
278 219 210 1 60882 
184 155 273 1 28520 
187 270 136 1 50490 
208 293 106 1 60944 
261 204 152 1 53244 
344 168 11 1 57792 
213 135 277 1 28755 
362 162 52 1 58644 
362 374 61 1 135388 
237 322 4 1 76314 
281 308 50 1 86548 
155 344 218 1 53320 
210 163 261 1 34230 
325 225 120 1 73125 
360 225 41 1 81000 
346 347 88 1 120062 
131 144 220 1 18864 
284 284 88 1 80656 
262 228 44 1 59736 
146 178 201 1 25988 
254 164 61 1 41656 
332 238 3 1 79016 
313 304 167 1 95152 


