50
1000 1000 
572 665 105 1 380380 
482 640 94 1 308480 
264 594 185 1 156816 
349 566 27 1 197534 
276 660 208 1 182160 
745 422 164 1 314390 
434 622 310 1 269948 
446 433 232 1 193118 
668 506 7 1 338008 
405 635 144 1 257175 
486 320 498 1 155520 
554 549 183 1 304146 
392 491 33 1 192472 
459 528 227 1 242352 
426 579 454 1 246654 
728 359 252 1 261352 
644 465 209 1 299460 
382 323 63 1 123386 
268 352 12 1 94336 
324 512 211 1 165888 
277 426 280 1 118002 
254 685 543 1 173990 
483 532 72 1 256956 
678 414 319 1 280692 
546 590 413 1 322140 
716 640 87 1 458240 
542 400 457 1 216800 
634 596 177 1 377864 
497 696 488 1 345912 
417 300 436 1 125100 
290 605 125 1 175450 
321 520 237 1 166920 
543 290 451 1 157470 
599 269 217 1 161131 
467 679 378 1 317093 
583 421 233 1 245443 
729 723 182 1 527067 
465 590 457 1 274350 
614 585 156 1 359190 
446 327 153 1 145842 
734 616 217 1 452144 
479 606 196 1 290274 
656 278 149 1 182368 
537 355 457 1 190635 
604 519 389 1 313476 
746 596 144 1 444616 
439 281 272 1 123359 
339 405 362 1 137295 
273 526 398 1 143598 
625 568 77 1 355000 


