50
250 250 
139 103 111 1 14317 
166 99 48 1 16434 
88 74 125 1 6512 
174 139 35 1 24186 
128 109 20 1 13952 
175 179 26 1 31325 
62 82 62 1 5084 
178 87 31 1 15486 
121 77 14 1 9317 
125 97 63 1 12125 
73 84 1 1 6132 
69 97 113 1 6693 
122 159 115 1 19398 
66 69 180 1 4554 
111 118 26 1 13098 
165 86 9 1 14190 
71 83 162 1 5893 
163 162 8 1 26406 
67 132 166 1 8844 
121 152 27 1 18392 
68 150 55 1 10200 
138 124 9 1 17112 
141 105 72 1 14805 
183 122 11 1 22326 
171 63 69 1 10773 
101 64 84 1 6464 
103 95 87 1 9785 
110 107 92 1 11770 
184 158 46 1 29072 
85 97 141 1 8245 
86 92 67 1 7912 
127 155 119 1 19685 
92 147 57 1 13524 
106 97 7 1 10282 
177 108 46 1 19116 
164 150 16 1 24600 
68 84 3 1 5712 
62 151 83 1 9362 
123 134 20 1 16482 
158 178 27 1 28124 
70 140 122 1 9800 
173 117 53 1 20241 
147 136 56 1 19992 
141 145 61 1 20445 
84 164 149 1 13776 
144 141 30 1 20304 
92 103 58 1 9476 
156 98 88 1 15288 
160 111 34 1 17760 
127 131 17 1 16637 


