30
250 250 
66 80 71 1 5280 
164 107 28 1 17548 
64 184 19 1 11776 
121 86 115 1 10406 
163 135 75 1 22005 
85 98 115 1 8330 
81 102 153 1 8262 
103 186 12 1 19158 
152 106 11 1 16112 
176 139 24 1 24464 
111 118 112 1 13098 
69 169 158 1 11661 
146 133 39 1 19418 
112 112 38 1 12544 
133 160 68 1 21280 
63 129 102 1 8127 
163 152 4 1 24776 
110 155 139 1 17050 
96 136 65 1 13056 
92 142 35 1 13064 
84 143 10 1 12012 
119 133 59 1 15827 
71 71 14 1 5041 
146 84 44 1 12264 
93 86 54 1 7998 
89 86 105 1 7654 
101 146 53 1 14746 
172 73 57 1 12556 
73 169 15 1 12337 
99 99 136 1 9801 


