30
500 500 
348 220 101 1 76560 
255 184 196 1 46920 
191 249 292 1 47559 
212 194 17 1 41128 
348 322 43 1 112056 
171 369 33 1 63099 
206 327 211 1 67362 
221 277 38 1 61217 
250 202 118 1 50500 
205 226 216 1 46330 
193 280 149 1 54040 
364 311 71 1 113204 
264 224 103 1 59136 
244 347 150 1 84668 
270 338 65 1 91260 
224 236 122 1 52864 
168 177 205 1 29736 
285 347 116 1 98895 
315 294 126 1 92610 
247 219 41 1 54093 
315 302 176 1 95130 
129 147 186 1 18963 
268 273 212 1 73164 
350 352 123 1 123200 
186 258 238 1 47988 
365 374 135 1 136510 
145 259 100 1 37555 
284 184 91 1 52256 
129 198 27 1 25542 
146 351 26 1 51246 


