50
250 250 
139 103 17 1 14317 
166 99 39 1 16434 
88 74 82 1 6512 
174 139 46 1 24186 
128 109 25 1 13952 
175 179 61 1 31325 
62 82 78 1 5084 
178 87 51 1 15486 
121 77 106 1 9317 
125 97 67 1 12125 
73 84 134 1 6132 
69 97 125 1 6693 
122 159 91 1 19398 
66 69 23 1 4554 
111 118 86 1 13098 
165 86 83 1 14190 
71 83 82 1 5893 
163 162 47 1 26406 
67 132 9 1 8844 
121 152 119 1 18392 
68 150 70 1 10200 
138 124 64 1 17112 
141 105 76 1 14805 
183 122 52 1 22326 
171 63 76 1 10773 
101 64 96 1 6464 
103 95 61 1 9785 
110 107 91 1 11770 
184 158 31 1 29072 
85 97 106 1 8245 
86 92 97 1 7912 
127 155 70 1 19685 
92 147 110 1 13524 
106 97 131 1 10282 
177 108 1 1 19116 
164 150 44 1 24600 
68 84 119 1 5712 
62 151 99 1 9362 
123 134 56 1 16482 
158 178 79 1 28124 
70 140 118 1 9800 
173 117 38 1 20241 
147 136 75 1 19992 
141 145 15 1 20445 
84 164 7 1 13776 
144 141 13 1 20304 
92 103 9 1 9476 
156 98 69 1 15288 
160 111 14 1 17760 
127 131 12 1 16637 


