30
1000 1000 
541 745 175 1 403045 
344 301 150 1 103544 
413 294 410 1 121422 
266 341 346 1 90706 
543 388 238 1 210684 
367 701 471 1 257267 
526 707 334 1 371882 
286 706 651 1 201916 
614 289 41 1 177446 
348 592 502 1 206016 
673 431 37 1 290063 
475 362 162 1 171950 
562 439 411 1 246718 
530 638 325 1 338140 
609 375 168 1 228375 
540 274 43 1 147960 
486 634 481 1 308124 
272 377 302 1 102544 
623 306 114 1 190638 
266 714 387 1 189924 
341 336 561 1 114576 
340 296 583 1 100640 
531 479 336 1 254349 
571 589 63 1 336319 
674 496 104 1 334304 
560 497 6 1 278320 
509 389 14 1 198001 
650 332 20 1 215800 
474 285 181 1 135090 
419 503 576 1 210757 


