30
250 250 
66 80 10 1 5280 
164 107 30 1 17548 
64 184 3 1 11776 
121 86 42 1 10406 
163 135 80 1 22005 
85 98 101 1 8330 
81 102 92 1 8262 
103 186 115 1 19158 
152 106 43 1 16112 
176 139 57 1 24464 
111 118 92 1 13098 
69 169 74 1 11661 
146 133 27 1 19418 
112 112 46 1 12544 
133 160 51 1 21280 
63 129 179 1 8127 
163 152 70 1 24776 
110 155 14 1 17050 
96 136 95 1 13056 
92 142 98 1 13064 
84 143 143 1 12012 
119 133 87 1 15827 
71 71 93 1 5041 
146 84 4 1 12264 
93 86 66 1 7998 
89 86 157 1 7654 
101 146 140 1 14746 
172 73 10 1 12556 
73 169 116 1 12337 
99 99 117 1 9801 


