50
100 100 
4 90 28 1 838 
4 90 17 1 838 
4 90 20 1 838 
4 90 33 1 838 
4 90 27 1 838 
22 21 44 1 521 
22 21 78 1 521 
22 80 60 1 4735 
22 80 33 1 4735 
22 80 46 1 4735 
1 88 31 1 181 
1 88 40 1 181 
1 88 49 1 181 
1 88 96 1 181 
1 88 0 1 181 
6 40 42 1 706 
6 40 21 1 706 
6 40 25 1 706 
6 40 70 1 706 
6 40 86 1 706 
100 9 0 1 2538 
100 9 0 1 2538 
100 9 0 1 2538 
100 9 0 1 2538 
100 9 0 1 2538 
46 14 18 1 1349 
46 14 36 1 1349 
46 14 22 1 1349 
10 96 61 1 1685 
70 27 23 1 5336 
70 27 21 1 5336 
70 27 17 1 5336 
57 18 35 1 1775 
10 84 5 1 1131 
100 1 0 1 129 
100 1 0 1 129 
100 1 0 1 129 
100 1 0 1 129 
100 1 0 1 129 
2 41 7 1 179 
2 41 42 1 179 
2 41 4 1 179 
2 41 54 1 179 
2 41 39 1 179 
36 63 24 1 6668 
36 63 2 1 6668 
51 24 46 1 3551 
51 24 23 1 3551 
51 24 44 1 3551 
51 24 49 1 3551 
