61
100 100 
48 48 25 1 5145 
6 85 8 1 874 
6 85 23 1 874 
100 14 0 1 2924 
17 85 40 1 3182 
69 20 14 1 2862 
12 72 74 1 1224 
5 48 57 1 531 
5 48 22 1 531 
5 48 45 1 531 
1 97 84 1 249 
1 97 69 1 249 
1 97 97 1 249 
66 36 5 1 6601 
66 36 18 1 6601 
15 53 70 1 1005 
29 80 44 1 6228 
29 80 49 1 6228 
29 80 13 1 6228 
19 77 43 1 3362 
97 7 0 1 907 
7 57 70 1 473 
7 57 56 1 473 
63 37 32 1 6137 
63 37 24 1 6137 
71 14 12 1 1556 
3 76 93 1 313 
3 76 37 1 313 
3 76 74 1 313 
34 54 7 1 4123 
5 91 10 1 581 
5 91 67 1 581 
14 87 44 1 1999 
62 28 11 1 5004 
62 28 14 1 5004 
62 28 29 1 5004 
6 7 48 1 2040 
6 7 89 1 2040 
6 7 77 1 2040 
20 71 71 1 3143 
92 7 4 1 795 
10 77 51 1 1460 
10 77 20 1 1460 
99 4 0 1 841 
99 4 1 1 841 
99 4 1 1 841 
14 44 31 1 1107 
14 44 67 1 1107 
100 2 0 1 280 
100 2 0 1 280 
100 2 0 1 280 
56 40 13 1 5898 
56 40 7 1 5898 
86 14 0 1 2096 
22 93 0 1 4411 
13 99 52 1 3456 
13 99 61 1 3456 
13 99 55 1 3456 
7 76 58 1 1406 
7 76 75 1 1406 
7 76 8 1 1406 

