61
100 100 
48 48 32 1 5145 
6 85 3 1 874 
6 85 29 1 874 
100 14 0 1 2924 
17 85 22 1 3182 
69 20 11 1 2862 
12 72 14 1 1224 
5 48 74 1 531 
5 48 60 1 531 
5 48 56 1 531 
1 97 83 1 249 
1 97 15 1 249 
1 97 40 1 249 
66 36 13 1 6601 
66 36 20 1 6601 
15 53 82 1 1005 
29 80 69 1 6228 
29 80 13 1 6228 
29 80 2 1 6228 
19 77 0 1 3362 
97 7 3 1 907 
7 57 9 1 473 
7 57 37 1 473 
63 37 25 1 6137 
63 37 36 1 6137 
71 14 8 1 1556 
3 76 87 1 313 
3 76 86 1 313 
3 76 42 1 313 
34 54 25 1 4123 
5 91 76 1 581 
5 91 22 1 581 
14 87 64 1 1999 
62 28 34 1 5004 
62 28 10 1 5004 
62 28 16 1 5004 
6 7 29 1 2040 
6 7 67 1 2040 
6 7 31 1 2040 
20 71 52 1 3143 
92 7 3 1 795 
10 77 6 1 1460 
10 77 90 1 1460 
99 4 1 1 841 
99 4 0 1 841 
99 4 1 1 841 
14 44 54 1 1107 
14 44 76 1 1107 
100 2 0 1 280 
100 2 0 1 280 
100 2 0 1 280 
56 40 24 1 5898 
56 40 3 1 5898 
86 14 12 1 2096 
22 93 2 1 4411 
13 99 31 1 3456 
13 99 0 1 3456 
13 99 10 1 3456 
7 76 47 1 1406 
7 76 6 1 1406 
7 76 1 1 1406 

