97
100 100 
8 81 4 1 953 
8 81 27 1 953 
8 81 79 1 953 
5 76 0 1 389 
5 76 84 1 389 
5 76 16 1 389 
5 76 80 1 389 
42 19 14 1 1668 
42 19 7 1 1668 
42 19 2 1 1668 
42 19 22 1 1668 
6 80 62 1 676 
6 80 32 1 676 
6 80 36 1 676 
6 80 78 1 676 
41 48 51 1 3580 
6 86 79 1 1416 
6 86 18 1 1416 
6 86 87 1 1416 
6 86 46 1 1416 
6 86 32 1 1416 
58 20 7 1 3166 
58 20 2 1 3166 
58 20 7 1 3166 
58 20 30 1 3166 
58 20 20 1 3166 
99 3 0 1 537 
99 3 1 1 537 
99 3 0 1 537 
99 3 0 1 537 
99 3 1 1 537 
9 52 85 1 1176 
9 52 54 1 1176 
9 52 47 1 1176 
9 52 5 1 1176 
9 52 54 1 1176 
100 14 0 1 3434 
100 14 0 1 3434 
100 14 0 1 3434 
100 14 0 1 3434 
7 53 62 1 676 
7 53 10 1 676 
7 53 58 1 676 
7 53 82 1 676 
7 53 56 1 676 
24 54 67 1 1408 
23 77 7 1 2362 
42 32 14 1 4031 
42 32 43 1 4031 
42 32 34 1 4031 
42 32 26 1 4031 
42 32 8 1 4031 
17 30 23 1 1152 
17 30 29 1 1152 
17 30 49 1 1152 
17 30 72 1 1152 
17 30 73 1 1152 
11 90 47 1 2255 
11 90 71 1 2255 
11 90 33 1 2255 
11 90 29 1 2255 
26 56 62 1 3570 
26 56 73 1 3570 
11 84 71 1 1913 
11 84 51 1 1913 
11 84 65 1 1913 
100 11 0 1 1552 
29 81 46 1 4559 
10 64 78 1 713 
10 64 36 1 713 
25 48 43 1 1279 
17 93 67 1 3989 
17 93 1 1 3989 
17 93 83 1 3989 
17 93 72 1 3989 
77 31 21 1 4850 
3 71 40 1 299 
3 71 65 1 299 
3 71 52 1 299 
3 71 35 1 299 
3 71 76 1 299 
89 9 7 1 1577 
89 9 10 1 1577 
89 9 3 1 1577 
89 9 5 1 1577 
1 6 16 1 12 
1 6 20 1 12 
1 6 25 1 12 
1 6 83 1 12 
1 6 96 1 12 
12 99 30 1 2116 
12 99 36 1 2116 
21 26 0 1 1214 
21 26 20 1 1214 
21 26 76 1 1214 
21 26 67 1 1214 
21 26 74 1 1214 
