30
100 100 
8 81 61 1 953 
5 76 83 1 389 
42 19 57 1 1668 
6 80 42 1 676 
41 48 2 1 3580 
6 86 52 1 1416 
58 20 17 1 3166 
99 3 1 1 537 
9 52 76 1 1176 
100 14 0 1 3434 
7 53 17 1 676 
24 54 7 1 1408 
23 77 52 1 2362 
42 32 3 1 4031 
17 30 77 1 1152 
11 90 89 1 2255 
26 65 37 1 3570 
11 84 8 1 1913 
100 11 0 1 1552 
29 81 43 1 4559 
10 64 90 1 713 
25 48 9 1 1279 
17 93 7 1 3989 
77 31 23 1 4850 
3 71 15 1 299 
89 9 6 1 1577 
1 6 21 1 12 
12 99 84 1 2116 
33 72 43 1 2932 
21 26 20 1 1214 
