61
100 100 
48 48 18 1 5145 
6 85 38 1 874 
6 85 73 1 874 
100 14 0 1 2924 
17 85 60 1 3182 
69 20 24 1 2862 
12 72 84 1 1224 
5 48 45 1 531 
5 48 91 1 531 
5 48 80 1 531 
1 97 91 1 249 
1 97 1 1 249 
1 97 41 1 249 
66 36 6 1 6601 
66 36 14 1 6601 
15 53 64 1 1005 
29 80 15 1 6228 
29 80 31 1 6228 
29 80 3 1 6228 
19 77 70 1 3362 
97 7 1 1 907 
7 57 84 1 473 
7 57 78 1 473 
63 37 22 1 6137 
63 37 13 1 6137 
71 14 17 1 1556 
3 76 66 1 313 
3 76 76 1 313 
3 76 21 1 313 
34 54 58 1 4123 
5 91 93 1 581 
5 91 67 1 581 
14 87 44 1 1999 
62 28 5 1 5004 
62 28 19 1 5004 
62 28 7 1 5004 
6 7 34 1 2040 
6 7 3 1 2040 
6 7 89 1 2040 
20 71 76 1 3143 
92 7 3 1 795 
10 77 43 1 1460 
10 77 11 1 1460 
99 4 1 1 841 
99 4 0 1 841 
99 4 0 1 841 
14 44 38 1 1107 
14 44 70 1 1107 
100 2 0 1 280 
100 2 0 1 280 
100 2 0 1 280 
56 40 31 1 5898 
56 40 36 1 5898 
86 14 2 1 2096 
22 93 15 1 4411 
13 99 14 1 3456 
13 99 42 1 3456 
13 99 27 1 3456 
7 76 34 1 1406 
7 76 87 1 1406 
7 76 67 1 1406 

