97
100 100 
8 81 29 1 953 
8 81 55 1 953 
8 81 67 1 953 
5 76 74 1 389 
5 76 6 1 389 
5 76 52 1 389 
5 76 19 1 389 
42 19 53 1 1668 
42 19 45 1 1668 
42 19 48 1 1668 
42 19 24 1 1668 
6 80 26 1 676 
6 80 2 1 676 
6 80 5 1 676 
6 80 87 1 676 
41 48 24 1 3580 
6 86 55 1 1416 
6 86 17 1 1416 
6 86 41 1 1416 
6 86 31 1 1416 
6 86 17 1 1416 
58 20 9 1 3166 
58 20 10 1 3166 
58 20 26 1 3166 
58 20 22 1 3166 
58 20 5 1 3166 
99 3 1 1 537 
99 3 0 1 537 
99 3 0 1 537 
99 3 0 1 537 
99 3 0 1 537 
9 52 44 1 1176 
9 52 55 1 1176 
9 52 58 1 1176 
9 52 59 1 1176 
9 52 81 1 1176 
100 14 0 1 3434 
100 14 0 1 3434 
100 14 0 1 3434 
100 14 0 1 3434 
7 53 41 1 676 
7 53 25 1 676 
7 53 64 1 676 
7 53 38 1 676 
7 53 88 1 676 
24 54 26 1 1408 
23 77 73 1 2362 
42 32 36 1 4031 
42 32 30 1 4031 
42 32 18 1 4031 
42 32 28 1 4031 
42 32 49 1 4031 
17 30 8 1 1152 
17 30 14 1 1152 
17 30 46 1 1152 
17 30 49 1 1152 
17 30 55 1 1152 
11 90 54 1 2255 
11 90 7 1 2255 
11 90 79 1 2255 
11 90 43 1 2255 
26 56 21 1 3570 
26 56 29 1 3570 
11 84 29 1 1913 
11 84 30 1 1913 
11 84 45 1 1913 
100 11 0 1 1552 
29 81 60 1 4559 
10 64 46 1 713 
10 64 84 1 713 
25 48 27 1 1279 
17 93 14 1 3989 
17 93 42 1 3989 
17 93 6 1 3989 
17 93 20 1 3989 
77 31 15 1 4850 
3 71 18 1 299 
3 71 29 1 299 
3 71 0 1 299 
3 71 77 1 299 
3 71 56 1 299 
89 9 1 1 1577 
89 9 4 1 1577 
89 9 0 1 1577 
89 9 11 1 1577 
1 6 50 1 12 
1 6 74 1 12 
1 6 79 1 12 
1 6 51 1 12 
1 6 73 1 12 
12 99 33 1 2116 
12 99 6 1 2116 
21 26 64 1 1214 
21 26 31 1 1214 
21 26 75 1 1214 
21 26 78 1 1214 
21 26 14 1 1214 
