30
100 100 
3 98 40 1 756 
34 36 40 1 2712 
100 6 0 1 1633 
49 26 38 1 2332 
14 56 18 1 2187 
100 3 0 1 470 
10 90 77 1 1569 
23 95 2 1 4947 
10 97 25 1 2757 
50 47 49 1 4274 
41 45 49 1 4347 
13 12 7 1 396 
19 68 35 1 3866 
50 46 7 1 5447 
23 70 31 1 2904 
28 82 45 1 6032 
12 65 41 1 1799 
9 86 90 1 929 
21 96 37 1 5186 
19 64 52 1 2120 
21 75 29 1 1629 
45 26 10 1 2059 
19 77 80 1 2583 
5 84 74 1 953 
16 21 11 1 1000 
23 69 2 1 2900 
5 89 82 1 1102 
22 63 31 1 2234 
41 6 36 1 458 
76 30 23 1 5458 

