42
70 40 
17 9 4 1 153 
11 19 31 1 209 
11 19 21 1 209 
11 19 2 1 209 
11 19 18 1 209 
12 21 54 1 252 
12 21 44 1 252 
12 21 44 1 252 
14 23 26 1 322 
14 23 8 1 322 
14 23 46 1 322 
14 23 54 1 322 
24 15 5 1 360 
24 15 14 1 360 
24 15 10 1 360 
25 16 36 1 400 
25 16 4 1 400 
25 16 30 1 400 
25 16 37 1 400 
27 17 40 1 459 
27 17 25 1 459 
18 29 39 1 522 
18 29 2 1 522 
18 29 48 1 522 
21 31 28 1 651 
21 31 24 1 651 
21 31 30 1 651 
32 22 13 1 704 
32 22 23 1 704 
23 33 15 1 759 
23 33 20 1 759 
23 33 31 1 759 
34 24 33 1 816 
34 24 13 1 816 
35 25 26 1 875 
35 25 29 1 875 
36 26 7 1 936 
37 27 22 1 999 
38 28 29 1 1064 
39 29 17 1 1131 
41 30 22 1 1230 
43 31 17 1 1333 
