385
2
0 0
1 3
3 0
0 0
0 3
3 2
2
0 0
29 40
1 1
4
31 353 370 376
68 240 285 293
298 370 376 385
215 282 292 381
25
2 1 2
1 1
1 2
1 2
1 2
1 2
1 1
1 2
1 2
2 1 2
1 1
1 1
2 1 2
1 2
2 1 2
1 2
1 2
1 2
1 1
1 2
1 1
2 1 2
1 2
1 1
1 2
7 20 27 37 17 38 73 19 61 38 33 22 74 0 0 62 45 52 42 10 1 53 45 63 46
10 47 37 40 43 55 98 38 72 62 44 44 97 14 18 79 56 69 69 49 34 85 55 76 65
2 9 4 2 10 4 10 6 3 5 3 7 8 9 4 5 8 5 6 9 7 10 9 4 9
7 10 5 4 10 6 10 9 6 6 7 9 10 10 10 8 8 7 9 10 7 10 10 9 10
5 7 3 15 14 1 5 5 17 15 16 14 17 1 4 11 18 18 16 13 18 2 14 19 5
1 2 2 1 2 2 1 2 1 1 1 1 1 2 2 2 2 2 2 2 1 1 2 1 1
55125
12
2100
7
7
158
2
10
3
3
