62
40 70 
31 43 5 1 500 
31 43 3 1 500 
31 43 0 1 500 
31 43 7 1 500 
30 41 9 1 480 
30 41 6 1 480 
29 39 8 1 460 
29 39 0 1 460 
29 39 4 1 460 
29 39 5 1 460 
28 38 3 1 440 
28 38 3 1 440 
28 38 10 1 440 
28 38 12 1 440 
27 37 11 1 420 
27 37 12 1 420 
27 37 7 1 420 
26 36 5 1 410 
26 36 11 1 410 
26 36 1 1 410 
26 36 9 1 410 
25 35 13 1 400 
25 35 3 1 400 
25 35 4 1 400 
24 34 0 1 380 
24 34 5 1 380 
24 34 5 1 380 
24 34 15 1 380 
33 23 7 1 360 
33 23 4 1 360 
33 23 0 1 360 
33 23 0 1 360 
22 32 3 1 340 
22 32 9 1 340 
22 32 4 1 340 
31 21 5 1 320 
31 21 3 1 320 
31 21 6 1 320 
29 18 11 1 300 
29 18 3 1 300 
29 18 0 1 300 
17 27 19 1 280 
17 27 19 1 280 
15 24 7 1 240 
15 24 6 1 240 
16 25 7 1 260 
16 25 7 1 260 
16 25 22 1 260 
16 25 0 1 260 
15 24 21 1 240 
23 14 11 1 220 
23 14 15 1 220 
23 14 13 1 220 
23 14 0 1 220 
21 12 7 1 180 
21 12 9 1 180 
21 12 17 1 180 
19 11 13 1 160 
19 11 3 1 160 
19 11 1 1 160 
19 11 12 1 160 
9 17 16 1 140 
