62
40 70 
31 43 0 1 500 
31 43 4 1 500 
31 43 0 1 500 
31 43 8 1 500 
30 41 2 1 480 
30 41 2 1 480 
29 39 10 1 460 
29 39 0 1 460 
29 39 0 1 460 
29 39 8 1 460 
28 38 5 1 440 
28 38 4 1 440 
28 38 7 1 440 
28 38 4 1 440 
27 37 9 1 420 
27 37 4 1 420 
27 37 4 1 420 
26 36 9 1 410 
26 36 0 1 410 
26 36 1 1 410 
26 36 7 1 410 
25 35 3 1 400 
25 35 4 1 400 
25 35 12 1 400 
24 34 2 1 380 
24 34 9 1 380 
24 34 2 1 380 
24 34 6 1 380 
33 23 1 1 360 
33 23 0 1 360 
33 23 7 1 360 
33 23 2 1 360 
22 32 14 1 340 
22 32 9 1 340 
22 32 7 1 340 
31 21 8 1 320 
31 21 6 1 320 
31 21 8 1 320 
29 18 9 1 300 
29 18 2 1 300 
29 18 5 1 300 
17 27 9 1 280 
17 27 8 1 280 
15 24 12 1 240 
15 24 9 1 240 
16 25 3 1 260 
16 25 6 1 260 
16 25 9 1 260 
16 25 5 1 260 
15 24 24 1 240 
23 14 14 1 220 
23 14 2 1 220 
23 14 17 1 220 
23 14 17 1 220 
21 12 16 1 180 
21 12 4 1 180 
21 12 11 1 180 
19 11 0 1 160 
19 11 11 1 160 
19 11 0 1 160 
19 11 16 1 160 
9 17 0 1 140 
