40
100 100
33 9 44 0 0
32 6 27 0 0
31 6 34 0 0
24 4 39 0 0
29 7 39 0 0
27 1 46 0 0
31 12 50 0 0
32 11 28 0 0
27 13 41 0 0
29 19 33 0 0
12 12 23 0 0
27 7 34 0 0
28 16 66 0 0
31 14 52 0 0
30 9 35 0 0
29 8 43 0 0
25 5 42 0 0
32 12 26 0 0
25 0 46 0 0
26 15 56 0 0
26 12 65 0 0
34 5 61 0 0
27 9 37 0 0
40 5 46 0 0
33 9 48 0 0
35 5 44 0 0
19 10 31 0 0
27 12 41 0 0
23 13 24 0 0
36 17 64 0 0
26 7 50 0 0
29 10 21 0 0
34 14 35 0 0
35 19 40 0 0
29 8 44 0 0
34 12 40 0 0
31 16 50 0 0
26 13 55 0 0
17 13 52 0 0
27 25 37 0 0
