40
100 100
29 11 48 0 0
20 11 26 0 0
31 9 40 0 0
24 7 43 0 0
30 6 52 0 0
41 1 33 0 0
27 10 47 0 0
29 3 48 0 0
30 7 48 0 0
22 5 53 0 0
32 11 46 0 0
31 10 42 0 0
21 8 43 0 0
26 1 29 0 0
25 12 23 0 0
28 8 39 0 0
21 11 62 0 0
27 17 39 0 0
31 14 34 0 0
34 20 45 0 0
32 8 38 0 0
20 5 34 0 0
39 4 37 0 0
28 7 35 0 0
11 8 42 0 0
20 11 29 0 0
32 0 43 0 0
30 7 42 0 0
29 8 45 0 0
31 12 48 0 0
33 7 42 0 0
27 2 36 0 0
34 3 47 0 0
22 12 36 0 0
38 1 47 0 0
26 10 32 0 0
29 17 25 0 0
32 14 29 0 0
23 8 30 0 0
29 4 30 0 0
