40
100 100
25 18 53 0 0
18 20 28 0 0
12 20 49 0 0
17 27 36 0 0
20 28 53 0 0
17 19 29 0 0
17 26 36 0 0
22 26 31 0 0
12 15 35 0 0
23 14 31 0 0
21 18 54 0 0
24 18 26 0 0
16 19 38 0 0
16 14 51 0 0
16 33 41 0 0
26 21 33 0 0
25 17 28 0 0
17 18 69 0 0
31 28 44 0 0
14 23 43 0 0
14 17 36 0 0
23 26 14 0 0
17 28 60 0 0
17 18 42 0 0
25 15 47 0 0
24 30 36 0 0
17 15 41 0 0
19 16 45 0 0
17 21 37 0 0
22 21 47 0 0
25 22 32 0 0
17 23 44 0 0
26 21 41 0 0
29 20 42 0 0
15 17 40 0 0
23 18 43 0 0
21 25 47 0 0
13 13 53 0 0
20 22 40 0 0
21 15 51 0 0
