40
100 100
29 18 25 0 0
20 22 36 0 0
16 15 62 0 0
24 19 33 0 0
18 19 57 0 0
22 22 42 0 0
16 18 29 0 0
21 16 41 0 0
20 29 61 0 0
19 31 15 0 0
29 22 32 0 0
23 20 40 0 0
24 19 51 0 0
30 16 38 0 0
6 16 37 0 0
20 16 41 0 0
13 22 59 0 0
27 16 50 0 0
18 3 40 0 0
9 22 33 0 0
20 23 47 0 0
34 24 45 0 0
23 17 30 0 0
20 17 49 0 0
24 15 40 0 0
22 14 43 0 0
15 26 31 0 0
17 20 45 0 0
26 23 28 0 0
12 19 38 0 0
15 20 14 0 0
12 20 21 0 0
19 16 43 0 0
28 20 37 0 0
23 22 45 0 0
25 19 23 0 0
18 21 48 0 0
17 24 47 0 0
17 20 31 0 0
19 25 32 0 0
