40
100 100
13 37 42 0 0
10 27 39 0 0
12 32 39 0 0
2 37 41 0 0
9 27 35 0 0
11 31 51 0 0
17 32 50 0 0
29 34 41 0 0
17 28 45 0 0
9 27 40 0 0
3 29 43 0 0
3 36 39 0 0
4 37 33 0 0
9 29 30 0 0
9 24 45 0 0
6 25 60 0 0
10 25 29 0 0
5 35 49 0 0
21 31 29 0 0
9 27 58 0 0
10 25 59 0 0
9 37 58 0 0
5 32 43 0 0
16 31 58 0 0
10 29 33 0 0
6 24 41 0 0
14 36 31 0 0
7 39 46 0 0
6 30 35 0 0
6 27 32 0 0
15 26 38 0 0
15 33 32 0 0
19 16 43 0 0
14 32 38 0 0
5 27 48 0 0
9 37 42 0 0
9 33 52 0 0
3 27 52 0 0
5 23 34 0 0
14 30 21 0 0
