40
100 100
31 7 49 0 0
33 4 46 0 0
23 8 46 0 0
28 10 41 0 0
27 18 55 0 0
34 11 40 0 0
27 9 34 0 0
27 8 30 0 0
21 13 45 0 0
25 6 44 0 0
28 18 59 0 0
32 6 56 0 0
18 13 32 0 0
25 6 42 0 0
36 8 35 0 0
35 5 51 0 0
34 6 40 0 0
22 18 47 0 0
28 9 47 0 0
27 1 39 0 0
33 8 32 0 0
27 3 65 0 0
30 8 26 0 0
31 10 35 0 0
36 13 38 0 0
28 9 45 0 0
23 5 36 0 0
24 3 32 0 0
31 13 41 0 0
29 7 50 0 0
20 10 54 0 0
32 6 35 0 0
35 10 14 0 0
33 0 51 0 0
29 6 37 0 0
29 6 48 0 0
27 6 40 0 0
24 13 48 0 0
32 10 29 0 0
24 19 32 0 0
