40
100 100
17 14 72 0 0
12 20 88 0 0
22 24 27 0 0
14 24 22 0 0
21 16 49 0 0
28 18 4 0 0
31 22 2 0 0
27 17 10 0 0
24 18 22 0 0
33 28 54 0 0
18 13 39 0 0
16 16 77 0 0
14 22 15 0 0
7 23 93 0 0
9 17 91 0 0
26 17 18 0 0
14 15 22 0 0
19 22 68 0 0
16 15 64 0 0
3 15 97 0 0
27 21 27 0 0
18 27 5 0 0
18 14 43 0 0
22 27 10 0 0
22 20 62 0 0
28 22 60 0 0
21 16 60 0 0
20 22 55 0 0
11 22 89 0 0
28 28 9 0 0
22 21 72 0 0
19 21 13 0 0
13 11 25 0 0
16 22 7 0 0
14 26 35 0 0
21 25 34 0 0
19 18 27 0 0
19 15 81 0 0
16 30 26 0 0
23 22 58 0 0
