40
100 100
25 26 75 0 0
9 23 91 0 0
17 12 57 0 0
4 20 96 0 0
20 15 17 0 0
15 18 61 0 0
9 24 91 0 0
22 20 61 0 0
10 15 59 0 0
2 20 98 0 0
18 24 77 0 0
20 19 60 0 0
13 14 49 0 0
23 22 33 0 0
16 22 55 0 0
18 17 68 0 0
25 19 36 0 0
16 16 36 0 0
32 25 65 0 0
21 14 11 0 0
3 29 97 0 0
16 20 27 0 0
19 24 48 0 0
30 12 59 0 0
13 14 53 0 0
23 16 4 0 0
10 29 34 0 0
18 19 56 0 0
30 15 36 0 0
17 6 36 0 0
21 15 43 0 0
25 13 38 0 0
23 17 3 0 0
19 11 40 0 0
20 24 16 0 0
21 22 51 0 0
35 19 2 0 0
21 23 79 0 0
19 21 21 0 0
4 14 96 0 0
