50
100 100
36 2 18 0 0
27 19 38 0 0
30 9 41 0 0
21 9 47 0 0
29 18 30 0 0
36 14 52 0 0
27 2 30 0 0
24 12 42 0 0
30 19 36 0 0
33 6 51 0 0
26 7 62 0 0
27 14 38 0 0
35 9 33 0 0
34 8 31 0 0
27 10 53 0 0
34 1 33 0 0
42 11 41 0 0
37 7 37 0 0
26 10 40 0 0
20 6 38 0 0
29 9 46 0 0
25 12 31 0 0
20 6 51 0 0
25 13 33 0 0
26 9 50 0 0
36 2 51 0 0
26 12 42 0 0
27 15 26 0 0
34 13 32 0 0
27 14 35 0 0
31 11 38 0 0
25 10 24 0 0
35 12 36 0 0
34 8 42 0 0
25 17 44 0 0
32 10 49 0 0
34 5 40 0 0
35 10 65 0 0
28 14 57 0 0
31 11 39 0 0
33 8 35 0 0
32 8 33 0 0
31 10 50 0 0
30 8 46 0 0
30 14 36 0 0
34 7 58 0 0
25 13 46 0 0
31 5 35 0 0
36 12 56 0 0
33 14 29 0 0
