50
100 100
18 22 54 0 0
28 21 36 0 0
11 17 36 0 0
25 33 44 0 0
17 27 44 0 0
15 18 40 0 0
28 21 65 0 0
24 27 46 0 0
22 25 25 0 0
27 23 27 0 0
23 22 34 0 0
30 16 49 0 0
22 23 38 0 0
17 19 49 0 0
30 27 31 0 0
25 10 37 0 0
20 18 50 0 0
19 25 23 0 0
23 18 48 0 0
19 24 53 0 0
18 17 54 0 0
26 17 45 0 0
23 23 39 0 0
21 17 23 0 0
18 22 35 0 0
21 21 39 0 0
15 23 42 0 0
21 18 46 0 0
16 25 60 0 0
16 22 29 0 0
23 24 55 0 0
30 25 42 0 0
19 21 44 0 0
16 12 35 0 0
23 22 49 0 0
20 25 35 0 0
23 26 50 0 0
18 19 39 0 0
11 10 38 0 0
19 12 41 0 0
12 26 39 0 0
12 16 52 0 0
18 22 26 0 0
22 22 44 0 0
22 22 58 0 0
18 21 30 0 0
19 31 46 0 0
18 17 30 0 0
25 27 38 0 0
20 22 31 0 0
