50
100 100
10 30 31 0 0
10 28 53 0 0
4 26 33 0 0
14 31 55 0 0
15 27 39 0 0
14 41 34 0 0
22 31 58 0 0
11 22 32 0 0
6 39 29 0 0
11 33 44 0 0
5 25 41 0 0
8 35 30 0 0
14 35 46 0 0
10 30 40 0 0
4 28 37 0 0
9 41 23 0 0
9 37 44 0 0
13 37 40 0 0
8 36 38 0 0
17 21 56 0 0
14 30 41 0 0
21 36 35 0 0
8 27 48 0 0
21 41 43 0 0
6 24 40 0 0
17 30 22 0 0
7 28 39 0 0
13 43 21 0 0
14 24 33 0 0
0 41 69 0 0
13 33 22 0 0
11 36 28 0 0
15 36 32 0 0
13 26 44 0 0
11 31 42 0 0
7 29 58 0 0
5 31 45 0 0
17 21 40 0 0
9 30 37 0 0
11 32 42 0 0
17 34 30 0 0
10 32 40 0 0
11 23 26 0 0
3 28 30 0 0
13 28 40 0 0
14 37 41 0 0
9 29 36 0 0
11 28 23 0 0
14 27 31 0 0
22 37 34 0 0
