50
100 100
5 27 35 0 0
15 27 38 0 0
12 31 46 0 0
13 23 35 0 0
6 25 25 0 0
13 29 56 0 0
7 28 47 0 0
4 27 50 0 0
20 41 50 0 0
12 36 21 0 0
11 29 51 0 0
15 32 40 0 0
9 23 43 0 0
13 34 38 0 0
11 30 47 0 0
11 29 39 0 0
4 30 37 0 0
12 42 25 0 0
4 28 46 0 0
15 22 36 0 0
4 31 48 0 0
22 28 41 0 0
4 33 35 0 0
11 31 38 0 0
15 21 17 0 0
15 26 31 0 0
7 33 42 0 0
12 24 48 0 0
12 24 44 0 0
9 34 62 0 0
16 37 52 0 0
5 33 44 0 0
9 30 24 0 0
7 30 41 0 0
18 26 45 0 0
7 30 22 0 0
8 34 48 0 0
14 28 49 0 0
8 29 33 0 0
9 30 41 0 0
4 37 43 0 0
3 25 37 0 0
7 37 43 0 0
11 23 26 0 0
20 25 43 0 0
4 30 44 0 0
11 27 41 0 0
12 26 50 0 0
14 36 31 0 0
5 24 45 0 0
