50
100 100
33 12 47 0 0
26 6 27 0 0
30 9 28 0 0
36 16 44 0 0
28 8 29 0 0
32 3 45 0 0
37 9 57 0 0
27 11 48 0 0
32 6 52 0 0
33 15 41 0 0
35 9 39 0 0
29 11 22 0 0
35 10 29 0 0
30 14 41 0 0
27 10 27 0 0
23 15 43 0 0
23 13 43 0 0
24 9 41 0 0
35 7 48 0 0
24 15 52 0 0
33 10 43 0 0
26 13 42 0 0
34 5 39 0 0
34 12 38 0 0
31 11 42 0 0
26 10 40 0 0
31 7 56 0 0
36 14 46 0 0
25 8 25 0 0
24 17 44 0 0
32 5 25 0 0
25 7 53 0 0
32 8 52 0 0
27 10 43 0 0
33 18 43 0 0
27 17 34 0 0
29 6 45 0 0
38 10 52 0 0
31 6 36 0 0
33 9 44 0 0
27 8 48 0 0
25 21 49 0 0
35 13 32 0 0
27 8 8 0 0
31 10 50 0 0
31 15 53 0 0
32 9 42 0 0
31 11 41 0 0
26 6 44 0 0
24 16 44 0 0
