50
100 100
4 35 37 0 0
7 27 32 0 0
15 25 27 0 0
13 23 40 0 0
7 36 42 0 0
8 30 37 0 0
15 28 32 0 0
10 30 40 0 0
2 42 33 0 0
0 33 47 0 0
18 29 43 0 0
0 36 32 0 0
9 35 32 0 0
16 33 56 0 0
8 28 40 0 0
9 17 32 0 0
0 33 40 0 0
16 25 37 0 0
10 31 41 0 0
5 32 34 0 0
11 31 48 0 0
19 33 56 0 0
1 28 33 0 0
0 26 30 0 0
14 31 46 0 0
10 27 54 0 0
17 23 41 0 0
7 27 35 0 0
8 28 28 0 0
9 33 35 0 0
9 22 38 0 0
9 30 51 0 0
8 22 46 0 0
9 24 51 0 0
12 28 40 0 0
9 23 21 0 0
8 19 43 0 0
7 32 41 0 0
10 27 46 0 0
12 25 31 0 0
5 27 54 0 0
5 35 30 0 0
19 34 39 0 0
4 25 51 0 0
4 28 25 0 0
9 32 34 0 0
6 29 23 0 0
7 25 57 0 0
13 31 50 0 0
5 30 37 0 0
