50
100 100
26 20 68 0 0
26 29 41 0 0
16 17 84 0 0
16 15 26 0 0
8 20 92 0 0
15 20 1 0 0
20 16 68 0 0
20 22 42 0 0
11 17 16 0 0
18 15 76 0 0
18 16 61 0 0
21 26 16 0 0
23 25 48 0 0
13 22 26 0 0
7 12 93 0 0
11 30 44 0 0
20 27 72 0 0
22 16 26 0 0
11 15 89 0 0
12 19 19 0 0
23 15 43 0 0
9 33 91 0 0
3 26 97 0 0
25 28 3 0 0
23 15 5 0 0
12 14 88 0 0
19 18 24 0 0
15 19 52 0 0
12 20 36 0 0
12 17 21 0 0
24 16 0 0 0
14 19 66 0 0
18 18 29 0 0
25 23 23 0 0
22 16 0 0 0
17 13 76 0 0
16 19 72 0 0
23 23 58 0 0
19 29 13 0 0
13 25 8 0 0
15 22 76 0 0
23 22 15 0 0
17 15 4 0 0
19 15 27 0 0
6 12 94 0 0
21 28 35 0 0
6 17 94 0 0
24 21 68 0 0
17 21 4 0 0
3 14 97 0 0
