50
100 100
10 14 13 0 0
2 18 98 0 0
23 21 54 0 0
19 21 0 0 0
18 23 66 0 0
13 26 42 0 0
23 24 5 0 0
25 17 24 0 0
24 17 3 0 0
14 21 86 0 0
17 25 83 0 0
20 20 69 0 0
13 23 70 0 0
23 23 55 0 0
26 12 38 0 0
17 29 44 0 0
11 14 89 0 0
22 34 23 0 0
4 18 96 0 0
4 16 96 0 0
19 22 79 0 0
11 9 74 0 0
11 16 20 0 0
8 34 92 0 0
18 15 72 0 0
27 24 61 0 0
26 20 3 0 0
19 22 28 0 0
29 16 63 0 0
14 18 24 0 0
6 22 94 0 0
12 17 88 0 0
12 7 13 0 0
16 22 10 0 0
28 13 18 0 0
19 15 48 0 0
19 22 71 0 0
1 23 99 0 0
17 17 42 0 0
16 22 9 0 0
22 24 66 0 0
20 26 42 0 0
9 34 15 0 0
24 26 53 0 0
23 23 15 0 0
25 24 15 0 0
26 19 42 0 0
6 24 94 0 0
19 14 35 0 0
19 16 38 0 0
