50
100 100
22 15 56 0 0
10 13 90 0 0
17 21 25 0 0
6 14 94 0 0
24 26 5 0 0
24 21 58 0 0
16 10 40 0 0
27 20 5 0 0
22 17 60 0 0
11 18 89 0 0
26 9 26 0 0
21 26 36 0 0
20 16 78 0 0
22 22 26 0 0
8 26 92 0 0
31 12 33 0 0
26 27 52 0 0
20 20 37 0 0
24 22 17 0 0
23 19 49 0 0
13 25 65 0 0
15 8 83 0 0
15 22 50 0 0
22 16 3 0 0
3 16 97 0 0
2 13 98 0 0
30 24 54 0 0
2 25 98 0 0
17 10 74 0 0
6 16 94 0 0
16 19 4 0 0
14 15 56 0 0
19 24 81 0 0
20 16 67 0 0
15 15 85 0 0
7 27 93 0 0
18 27 82 0 0
27 22 54 0 0
19 23 80 0 0
29 22 26 0 0
21 23 48 0 0
15 25 46 0 0
9 28 91 0 0
14 18 86 0 0
22 16 61 0 0
12 19 77 0 0
10 24 55 0 0
17 16 21 0 0
14 19 86 0 0
17 17 72 0 0
