50
1000 1000 
572 665 187 1 380380 
482 640 201 1 308480 
264 594 689 1 156816 
349 566 354 1 197534 
276 660 296 1 182160 
745 422 122 1 314390 
434 622 221 1 269948 
446 433 26 1 193118 
668 506 198 1 338008 
405 635 175 1 257175 
486 320 492 1 155520 
554 549 193 1 304146 
392 491 347 1 192472 
459 528 218 1 242352 
426 579 52 1 246654 
728 359 130 1 261352 
644 465 10 1 299460 
382 323 37 1 123386 
268 352 357 1 94336 
324 512 284 1 165888 
277 426 157 1 118002 
254 685 620 1 173990 
483 532 236 1 256956 
678 414 8 1 280692 
546 590 10 1 322140 
716 640 274 1 458240 
542 400 347 1 216800 
634 596 201 1 377864 
497 696 196 1 345912 
417 300 159 1 125100 
290 605 6 1 175450 
321 520 331 1 166920 
543 290 233 1 157470 
599 269 345 1 161131 
467 679 253 1 317093 
583 421 286 1 245443 
729 723 205 1 527067 
465 590 71 1 274350 
614 585 305 1 359190 
446 327 500 1 145842 
734 616 7 1 452144 
479 606 74 1 290274 
656 278 190 1 182368 
537 355 406 1 190635 
604 519 327 1 313476 
746 596 168 1 444616 
439 281 287 1 123359 
339 405 614 1 137295 
273 526 724 1 143598 
625 568 315 1 355000 


