30
1000 1000 
541 745 181 1 403045 
344 301 457 1 103544 
413 294 15 1 121422 
266 341 497 1 90706 
543 388 279 1 210684 
367 701 226 1 257267 
526 707 136 1 371882 
286 706 58 1 201916 
614 289 121 1 177446 
348 592 553 1 206016 
673 431 285 1 290063 
475 362 355 1 171950 
562 439 151 1 246718 
530 638 342 1 338140 
609 375 285 1 228375 
540 274 208 1 147960 
486 634 45 1 308124 
272 377 657 1 102544 
623 306 359 1 190638 
266 714 660 1 189924 
341 336 117 1 114576 
340 296 149 1 100640 
531 479 459 1 254349 
571 589 406 1 336319 
674 496 265 1 334304 
560 497 45 1 278320 
509 389 92 1 198001 
650 332 142 1 215800 
474 285 176 1 135090 
419 503 516 1 210757 


