50
250 250 
139 103 56 1 14317 
166 99 84 1 16434 
88 74 128 1 6512 
174 139 22 1 24186 
128 109 73 1 13952 
175 179 30 1 31325 
62 82 45 1 5084 
178 87 5 1 15486 
121 77 91 1 9317 
125 97 112 1 12125 
73 84 18 1 6132 
69 97 36 1 6693 
122 159 115 1 19398 
66 69 14 1 4554 
111 118 40 1 13098 
165 86 69 1 14190 
71 83 172 1 5893 
163 162 30 1 26406 
67 132 127 1 8844 
121 152 18 1 18392 
68 150 148 1 10200 
138 124 58 1 17112 
141 105 68 1 14805 
183 122 64 1 22326 
171 63 1 1 10773 
101 64 6 1 6464 
103 95 29 1 9785 
110 107 94 1 11770 
184 158 52 1 29072 
85 97 56 1 8245 
86 92 148 1 7912 
127 155 78 1 19685 
92 147 89 1 13524 
106 97 85 1 10282 
177 108 26 1 19116 
164 150 30 1 24600 
68 84 135 1 5712 
62 151 44 1 9362 
123 134 87 1 16482 
158 178 92 1 28124 
70 140 97 1 9800 
173 117 66 1 20241 
147 136 44 1 19992 
141 145 62 1 20445 
84 164 2 1 13776 
144 141 42 1 20304 
92 103 19 1 9476 
156 98 45 1 15288 
160 111 29 1 17760 
127 131 70 1 16637 


