30
1000 1000 
541 745 175 1 403045 
344 301 556 1 103544 
413 294 249 1 121422 
266 341 447 1 90706 
543 388 117 1 210684 
367 701 484 1 257267 
526 707 402 1 371882 
286 706 709 1 201916 
614 289 82 1 177446 
348 592 126 1 206016 
673 431 71 1 290063 
475 362 449 1 171950 
562 439 414 1 246718 
530 638 187 1 338140 
609 375 223 1 228375 
540 274 177 1 147960 
486 634 216 1 308124 
272 377 73 1 102544 
623 306 335 1 190638 
266 714 725 1 189924 
341 336 505 1 114576 
340 296 383 1 100640 
531 479 280 1 254349 
571 589 308 1 336319 
674 496 306 1 334304 
560 497 374 1 278320 
509 389 177 1 198001 
650 332 272 1 215800 
474 285 80 1 135090 
419 503 338 1 210757 


