50
500 500 
277 242 38 1 67034 
233 177 107 1 41241 
182 216 93 1 39312 
147 134 216 1 19698 
213 127 90 1 27051 
315 212 126 1 66780 
261 175 124 1 45675 
210 281 220 1 59010 
243 256 85 1 62208 
159 314 226 1 49926 
217 147 148 1 31899 
260 349 166 1 90740 
222 199 209 1 44178 
296 127 109 1 37592 
263 302 135 1 79426 
226 250 258 1 56500 
264 344 27 1 90816 
237 179 29 1 42423 
245 137 229 1 33565 
137 328 231 1 44936 
321 154 119 1 49434 
200 174 182 1 34800 
270 128 99 1 34560 
299 179 163 1 53521 
165 370 135 1 61050 
198 182 143 1 36036 
155 295 95 1 45725 
278 219 215 1 60882 
184 155 299 1 28520 
187 270 121 1 50490 
208 293 262 1 60944 
261 204 9 1 53244 
344 168 94 1 57792 
213 135 57 1 28755 
362 162 81 1 58644 
362 374 137 1 135388 
237 322 22 1 76314 
281 308 166 1 86548 
155 344 278 1 53320 
210 163 268 1 34230 
325 225 75 1 73125 
360 225 51 1 81000 
346 347 29 1 120062 
131 144 281 1 18864 
284 284 52 1 80656 
262 228 93 1 59736 
146 178 241 1 25988 
254 164 13 1 41656 
332 238 54 1 79016 
313 304 160 1 95152 


