30
1000 1000 
541 745 106 1 403045 
344 301 204 1 103544 
413 294 51 1 121422 
266 341 481 1 90706 
543 388 349 1 210684 
367 701 403 1 257267 
526 707 191 1 371882 
286 706 357 1 201916 
614 289 39 1 177446 
348 592 157 1 206016 
673 431 323 1 290063 
475 362 265 1 171950 
562 439 274 1 246718 
530 638 307 1 338140 
609 375 323 1 228375 
540 274 326 1 147960 
486 634 254 1 308124 
272 377 61 1 102544 
623 306 294 1 190638 
266 714 58 1 189924 
341 336 181 1 114576 
340 296 469 1 100640 
531 479 410 1 254349 
571 589 209 1 336319 
674 496 190 1 334304 
560 497 264 1 278320 
509 389 148 1 198001 
650 332 294 1 215800 
474 285 2 1 135090 
419 503 123 1 210757 


