50
1000 1000 
572 665 405 1 380380 
482 640 413 1 308480 
264 594 270 1 156816 
349 566 323 1 197534 
276 660 381 1 182160 
745 422 202 1 314390 
434 622 541 1 269948 
446 433 461 1 193118 
668 506 91 1 338008 
405 635 316 1 257175 
486 320 289 1 155520 
554 549 17 1 304146 
392 491 418 1 192472 
459 528 281 1 242352 
426 579 120 1 246654 
728 359 23 1 261352 
644 465 201 1 299460 
382 323 462 1 123386 
268 352 545 1 94336 
324 512 362 1 165888 
277 426 477 1 118002 
254 685 86 1 173990 
483 532 87 1 256956 
678 414 311 1 280692 
546 590 213 1 322140 
716 640 108 1 458240 
542 400 216 1 216800 
634 596 207 1 377864 
497 696 33 1 345912 
417 300 97 1 125100 
290 605 30 1 175450 
321 520 31 1 166920 
543 290 194 1 157470 
599 269 217 1 161131 
467 679 119 1 317093 
583 421 228 1 245443 
729 723 190 1 527067 
465 590 38 1 274350 
614 585 147 1 359190 
446 327 322 1 145842 
734 616 250 1 452144 
479 606 469 1 290274 
656 278 199 1 182368 
537 355 397 1 190635 
604 519 297 1 313476 
746 596 184 1 444616 
439 281 215 1 123359 
339 405 324 1 137295 
273 526 420 1 143598 
625 568 39 1 355000 


