30
500 500 
348 220 78 1 76560 
255 184 79 1 46920 
191 249 18 1 47559 
212 194 232 1 41128 
348 322 104 1 112056 
171 369 259 1 63099 
206 327 169 1 67362 
221 277 12 1 61217 
250 202 112 1 50500 
205 226 216 1 46330 
193 280 257 1 54040 
364 311 83 1 113204 
264 224 122 1 59136 
244 347 192 1 84668 
270 338 104 1 91260 
224 236 111 1 52864 
168 177 317 1 29736 
285 347 101 1 98895 
315 294 51 1 92610 
247 219 112 1 54093 
315 302 106 1 95130 
129 147 22 1 18963 
268 273 56 1 73164 
350 352 63 1 123200 
186 258 298 1 47988 
365 374 110 1 136510 
145 259 111 1 37555 
284 184 193 1 52256 
129 198 111 1 25542 
146 351 117 1 51246 


