32
3000 3000 
365 185 1251 1 67525 
378 200 299 1 75600 
410 165 2034 1 67650 
425 148 517 1 62900 
425 296 970 1 125800 
439 116 475 1 50924 
464 1006 297 1 466784 
520 205 1709 1 106600 
520 350 455 1 182000 
540 530 1466 1 286200 
549 1413 2331 1 775737 
549 1882 1450 1 1033218 
553 496 2379 1 274288 
555 755 1763 1 419025 
555 496 918 1 275280 
555 659 1163 1 365745 
567 473 1468 1 268191 
572 592 2259 1 338624 
572 975 2110 1 557700 
572 1175 723 1 672100 
572 1575 1614 1 900900 
572 1390 2356 1 795080 
572 1490 414 1 852280 
572 1590 1875 1 909480 
572 1690 637 1 966680 
572 1890 128 1 1081080 
610 625 1317 1 381250 
660 490 2286 1 323400 
690 447 974 1 308430 
949 445 1427 1 422305 
949 478 1789 1 453622 
970 463 1702 1 449110 


