50
500 500 
277 242 40 1 67034 
233 177 109 1 41241 
182 216 116 1 39312 
147 134 60 1 19698 
213 127 162 1 27051 
315 212 35 1 66780 
261 175 43 1 45675 
210 281 120 1 59010 
243 256 233 1 62208 
159 314 11 1 49926 
217 147 104 1 31899 
260 349 122 1 90740 
222 199 278 1 44178 
296 127 134 1 37592 
263 302 75 1 79426 
226 250 140 1 56500 
264 344 104 1 90816 
237 179 102 1 42423 
245 137 50 1 33565 
137 328 328 1 44936 
321 154 39 1 49434 
200 174 92 1 34800 
270 128 106 1 34560 
299 179 40 1 53521 
165 370 23 1 61050 
198 182 188 1 36036 
155 295 239 1 45725 
278 219 118 1 60882 
184 155 1 1 28520 
187 270 52 1 50490 
208 293 123 1 60944 
261 204 91 1 53244 
344 168 54 1 57792 
213 135 27 1 28755 
362 162 27 1 58644 
362 374 106 1 135388 
237 322 71 1 76314 
281 308 198 1 86548 
155 344 125 1 53320 
210 163 144 1 34230 
325 225 76 1 73125 
360 225 62 1 81000 
346 347 3 1 120062 
131 144 37 1 18864 
284 284 107 1 80656 
262 228 107 1 59736 
146 178 346 1 25988 
254 164 53 1 41656 
332 238 164 1 79016 
313 304 44 1 95152 


