97
100 100 
8 81 76 1 953 
8 81 68 1 953 
8 81 34 1 953 
5 76 55 1 389 
5 76 92 1 389 
5 76 26 1 389 
5 76 76 1 389 
42 19 43 1 1668 
42 19 36 1 1668 
42 19 39 1 1668 
42 19 20 1 1668 
6 80 74 1 676 
6 80 66 1 676 
6 80 34 1 676 
6 80 88 1 676 
41 48 57 1 3580 
6 86 11 1 1416 
6 86 61 1 1416 
6 86 54 1 1416 
6 86 49 1 1416 
6 86 32 1 1416 
58 20 42 1 3166 
58 20 13 1 3166 
58 20 35 1 3166 
58 20 34 1 3166 
58 20 10 1 3166 
99 3 0 1 537 
99 3 1 1 537 
99 3 0 1 537 
99 3 0 1 537 
99 3 1 1 537 
9 52 81 1 1176 
9 52 62 1 1176 
9 52 61 1 1176 
9 52 19 1 1176 
9 52 5 1 1176 
100 14 0 1 3434 
100 14 0 1 3434 
100 14 0 1 3434 
100 14 0 1 3434 
7 53 28 1 676 
7 53 86 1 676 
7 53 15 1 676 
7 53 31 1 676 
7 53 92 1 676 
24 54 52 1 1408 
23 77 0 1 2362 
42 32 4 1 4031 
42 32 9 1 4031 
42 32 50 1 4031 
42 32 12 1 4031 
42 32 22 1 4031 
17 30 7 1 1152 
17 30 72 1 1152 
17 30 78 1 1152 
17 30 34 1 1152 
17 30 55 1 1152 
11 90 24 1 2255 
11 90 75 1 2255 
11 90 24 1 2255 
11 90 46 1 2255 
26 56 68 1 3570 
26 56 7 1 3570 
11 84 58 1 1913 
11 84 42 1 1913 
11 84 41 1 1913 
100 11 0 1 1552 
29 81 57 1 4559 
10 64 85 1 713 
10 64 29 1 713 
25 48 41 1 1279 
17 93 24 1 3989 
17 93 73 1 3989 
17 93 55 1 3989 
17 93 12 1 3989 
77 31 21 1 4850 
3 71 92 1 299 
3 71 11 1 299 
3 71 45 1 299 
3 71 31 1 299 
3 71 64 1 299 
89 9 7 1 1577 
89 9 7 1 1577 
89 9 3 1 1577 
89 9 9 1 1577 
1 6 47 1 12 
1 6 68 1 12 
1 6 57 1 12 
1 6 75 1 12 
1 6 99 1 12 
12 99 34 1 2116 
12 99 59 1 2116 
21 26 77 1 1214 
21 26 72 1 1214 
21 26 7 1 1214 
21 26 77 1 1214 
21 26 49 1 1214 
