50
100 100 
4 90 0 1 838 
4 90 55 1 838 
4 90 52 1 838 
4 90 67 1 838 
4 90 39 1 838 
22 21 18 1 521 
22 21 45 1 521 
22 80 35 1 4735 
22 80 31 1 4735 
22 80 60 1 4735 
1 88 20 1 181 
1 88 62 1 181 
1 88 4 1 181 
1 88 45 1 181 
1 88 6 1 181 
6 40 32 1 706 
6 40 54 1 706 
6 40 79 1 706 
6 40 68 1 706 
6 40 66 1 706 
100 9 0 1 2538 
100 9 0 1 2538 
100 9 0 1 2538 
100 9 0 1 2538 
100 9 0 1 2538 
46 14 21 1 1349 
46 14 8 1 1349 
46 14 51 1 1349 
10 96 66 1 1685 
70 27 2 1 5336 
70 27 23 1 5336 
70 27 18 1 5336 
57 18 27 1 1775 
10 84 11 1 1131 
100 1 0 1 129 
100 1 0 1 129 
100 1 0 1 129 
100 1 0 1 129 
100 1 0 1 129 
2 41 28 1 179 
2 41 65 1 179 
2 41 41 1 179 
2 41 61 1 179 
2 41 24 1 179 
36 63 20 1 6668 
36 63 46 1 6668 
51 24 37 1 3551 
51 24 28 1 3551 
51 24 15 1 3551 
51 24 32 1 3551 
