50
100 100 
4 90 20 1 838 
4 90 80 1 838 
4 90 88 1 838 
4 90 23 1 838 
4 90 84 1 838 
22 21 31 1 521 
22 21 28 1 521 
22 80 64 1 4735 
22 80 34 1 4735 
22 80 14 1 4735 
1 88 13 1 181 
1 88 13 1 181 
1 88 81 1 181 
1 88 52 1 181 
1 88 54 1 181 
6 40 91 1 706 
6 40 23 1 706 
6 40 28 1 706 
6 40 67 1 706 
6 40 81 1 706 
100 9 0 1 2538 
100 9 0 1 2538 
100 9 0 1 2538 
100 9 0 1 2538 
100 9 0 1 2538 
46 14 13 1 1349 
46 14 34 1 1349 
46 14 41 1 1349 
10 96 31 1 1685 
70 27 28 1 5336 
70 27 25 1 5336 
70 27 18 1 5336 
57 18 13 1 1775 
10 84 27 1 1131 
100 1 0 1 129 
100 1 0 1 129 
100 1 0 1 129 
100 1 0 1 129 
100 1 0 1 129 
2 41 32 1 179 
2 41 78 1 179 
2 41 9 1 179 
2 41 32 1 179 
2 41 96 1 179 
36 63 52 1 6668 
36 63 25 1 6668 
51 24 3 1 3551 
51 24 5 1 3551 
51 24 42 1 3551 
51 24 4 1 3551 
