61
100 100 
48 48 43 1 5145 
6 85 49 1 874 
6 85 83 1 874 
100 14 0 1 2924 
17 85 39 1 3182 
69 20 29 1 2862 
12 72 10 1 1224 
5 48 12 1 531 
5 48 71 1 531 
5 48 86 1 531 
1 97 34 1 249 
1 97 7 1 249 
1 97 38 1 249 
66 36 23 1 6601 
66 36 27 1 6601 
15 53 8 1 1005 
29 80 41 1 6228 
29 80 6 1 6228 
29 80 47 1 6228 
19 77 16 1 3362 
97 7 3 1 907 
7 57 93 1 473 
7 57 16 1 473 
63 37 9 1 6137 
63 37 9 1 6137 
71 14 28 1 1556 
3 76 81 1 313 
3 76 63 1 313 
3 76 35 1 313 
34 54 15 1 4123 
5 91 28 1 581 
5 91 67 1 581 
14 87 29 1 1999 
62 28 12 1 5004 
62 28 38 1 5004 
62 28 37 1 5004 
6 7 87 1 2040 
6 7 19 1 2040 
6 7 39 1 2040 
20 71 5 1 3143 
92 7 4 1 795 
10 77 80 1 1460 
10 77 12 1 1460 
99 4 1 1 841 
99 4 0 1 841 
99 4 1 1 841 
14 44 34 1 1107 
14 44 19 1 1107 
100 2 0 1 280 
100 2 0 1 280 
100 2 0 1 280 
56 40 2 1 5898 
56 40 27 1 5898 
86 14 6 1 2096 
22 93 54 1 4411 
13 99 20 1 3456 
13 99 58 1 3456 
13 99 66 1 3456 
7 76 22 1 1406 
7 76 9 1 1406 
7 76 69 1 1406 

