30
100 100 
8 81 65 1 953 
5 76 1 1 389 
42 19 47 1 1668 
6 80 73 1 676 
41 48 24 1 3580 
6 86 35 1 1416 
58 20 10 1 3166 
99 3 1 1 537 
9 52 44 1 1176 
100 14 0 1 3434 
7 53 15 1 676 
24 54 69 1 1408 
23 77 32 1 2362 
42 32 24 1 4031 
17 30 41 1 1152 
11 90 19 1 2255 
26 65 37 1 3570 
11 84 51 1 1913 
100 11 0 1 1552 
29 81 18 1 4559 
10 64 37 1 713 
25 48 4 1 1279 
17 93 69 1 3989 
77 31 12 1 4850 
3 71 27 1 299 
89 9 11 1 1577 
1 6 36 1 12 
12 99 17 1 2116 
33 72 38 1 2932 
21 26 69 1 1214 
