50
100 100 
4 90 85 1 838 
4 90 60 1 838 
4 90 55 1 838 
4 90 94 1 838 
4 90 21 1 838 
22 21 40 1 521 
22 21 5 1 521 
22 80 42 1 4735 
22 80 23 1 4735 
22 80 49 1 4735 
1 88 36 1 181 
1 88 50 1 181 
1 88 5 1 181 
1 88 13 1 181 
1 88 18 1 181 
6 40 82 1 706 
6 40 12 1 706 
6 40 10 1 706 
6 40 69 1 706 
6 40 42 1 706 
100 9 0 1 2538 
100 9 0 1 2538 
100 9 0 1 2538 
100 9 0 1 2538 
100 9 0 1 2538 
46 14 5 1 1349 
46 14 2 1 1349 
46 14 24 1 1349 
10 96 85 1 1685 
70 27 17 1 5336 
70 27 15 1 5336 
70 27 21 1 5336 
57 18 1 1 1775 
10 84 74 1 1131 
100 1 0 1 129 
100 1 0 1 129 
100 1 0 1 129 
100 1 0 1 129 
100 1 0 1 129 
2 41 58 1 179 
2 41 87 1 179 
2 41 85 1 179 
2 41 12 1 179 
2 41 73 1 179 
36 63 6 1 6668 
36 63 31 1 6668 
51 24 39 1 3551 
51 24 5 1 3551 
51 24 4 1 3551 
51 24 27 1 3551 
