30
100 100 
3 98 6 1 756 
34 36 38 1 2712 
100 6 0 1 1633 
49 26 4 1 2332 
14 56 62 1 2187 
100 3 0 1 470 
10 90 9 1 1569 
23 95 70 1 4947 
10 97 14 1 2757 
50 47 25 1 4274 
41 45 48 1 4347 
13 12 24 1 396 
19 68 72 1 3866 
50 46 45 1 5447 
23 70 0 1 2904 
28 82 20 1 6032 
12 65 39 1 1799 
9 86 33 1 929 
21 96 39 1 5186 
19 64 60 1 2120 
21 75 45 1 1629 
45 26 3 1 2059 
19 77 6 1 2583 
5 84 67 1 953 
16 21 80 1 1000 
23 69 58 1 2900 
5 89 46 1 1102 
22 63 41 1 2234 
41 6 57 1 458 
76 30 7 1 5458 

