30
100 100 
3 98 78 1 756 
34 36 9 1 2712 
100 6 0 1 1633 
49 26 12 1 2332 
14 56 42 1 2187 
100 3 0 1 470 
10 90 2 1 1569 
23 95 7 1 4947 
10 97 65 1 2757 
50 47 1 1 4274 
41 45 39 1 4347 
13 12 68 1 396 
19 68 4 1 3866 
50 46 49 1 5447 
23 70 55 1 2904 
28 82 25 1 6032 
12 65 13 1 1799 
9 86 68 1 929 
21 96 53 1 5186 
19 64 3 1 2120 
21 75 35 1 1629 
45 26 11 1 2059 
19 77 12 1 2583 
5 84 51 1 953 
16 21 54 1 1000 
23 69 40 1 2900 
5 89 1 1 1102 
22 63 57 1 2234 
41 6 51 1 458 
76 30 11 1 5458 

