30
100 100 
3 98 44 1 756 
34 36 14 1 2712 
100 6 0 1 1633 
49 26 10 1 2332 
14 56 5 1 2187 
100 3 0 1 470 
10 90 35 1 1569 
23 95 0 1 4947 
10 97 79 1 2757 
50 47 9 1 4274 
41 45 50 1 4347 
13 12 26 1 396 
19 68 76 1 3866 
50 46 23 1 5447 
23 70 16 1 2904 
28 82 55 1 6032 
12 65 86 1 1799 
9 86 41 1 929 
21 96 21 1 5186 
19 64 57 1 2120 
21 75 17 1 1629 
45 26 0 1 2059 
19 77 36 1 2583 
5 84 60 1 953 
16 21 8 1 1000 
23 69 23 1 2900 
5 89 94 1 1102 
22 63 57 1 2234 
41 6 2 1 458 
76 30 18 1 5458 

