50
100 100 
4 90 64 1 838 
4 90 65 1 838 
4 90 7 1 838 
4 90 54 1 838 
4 90 3 1 838 
22 21 35 1 521 
22 21 42 1 521 
22 80 43 1 4735 
22 80 66 1 4735 
22 80 44 1 4735 
1 88 60 1 181 
1 88 51 1 181 
1 88 88 1 181 
1 88 38 1 181 
1 88 15 1 181 
6 40 32 1 706 
6 40 1 1 706 
6 40 44 1 706 
6 40 29 1 706 
6 40 4 1 706 
100 9 0 1 2538 
100 9 0 1 2538 
100 9 0 1 2538 
100 9 0 1 2538 
100 9 0 1 2538 
46 14 1 1 1349 
46 14 14 1 1349 
46 14 35 1 1349 
10 96 81 1 1685 
70 27 3 1 5336 
70 27 30 1 5336 
70 27 6 1 5336 
57 18 42 1 1775 
10 84 39 1 1131 
100 1 0 1 129 
100 1 0 1 129 
100 1 0 1 129 
100 1 0 1 129 
100 1 0 1 129 
2 41 85 1 179 
2 41 85 1 179 
2 41 57 1 179 
2 41 21 1 179 
2 41 23 1 179 
36 63 19 1 6668 
36 63 10 1 6668 
51 24 41 1 3551 
51 24 8 1 3551 
51 24 4 1 3551 
51 24 22 1 3551 
