30
100 100 
8 81 64 1 953 
5 76 6 1 389 
42 19 26 1 1668 
6 80 84 1 676 
41 48 16 1 3580 
6 86 26 1 1416 
58 20 19 1 3166 
99 3 1 1 537 
9 52 36 1 1176 
100 14 0 1 3434 
7 53 61 1 676 
24 54 37 1 1408 
23 77 33 1 2362 
42 32 9 1 4031 
17 30 52 1 1152 
11 90 73 1 2255 
26 65 40 1 3570 
11 84 85 1 1913 
100 11 0 1 1552 
29 81 1 1 4559 
10 64 7 1 713 
25 48 28 1 1279 
17 93 0 1 3989 
77 31 9 1 4850 
3 71 73 1 299 
89 9 4 1 1577 
1 6 75 1 12 
12 99 77 1 2116 
33 72 26 1 2932 
21 26 50 1 1214 
