42
70 40 
17 9 18 1 153 
11 19 35 1 209 
11 19 28 1 209 
11 19 3 1 209 
11 19 17 1 209 
12 21 11 1 252 
12 21 33 1 252 
12 21 46 1 252 
14 23 9 1 322 
14 23 14 1 322 
14 23 7 1 322 
14 23 7 1 322 
24 15 24 1 360 
24 15 29 1 360 
24 15 42 1 360 
25 16 24 1 400 
25 16 42 1 400 
25 16 2 1 400 
25 16 22 1 400 
27 17 17 1 459 
27 17 26 1 459 
18 29 25 1 522 
18 29 24 1 522 
18 29 6 1 522 
21 31 34 1 651 
21 31 8 1 651 
21 31 11 1 651 
32 22 27 1 704 
32 22 30 1 704 
23 33 27 1 759 
23 33 47 1 759 
23 33 46 1 759 
34 24 36 1 816 
34 24 25 1 816 
35 25 28 1 875 
35 25 22 1 875 
36 26 25 1 936 
37 27 29 1 999 
38 28 11 1 1064 
39 29 29 1 1131 
41 30 23 1 1230 
43 31 12 1 1333 
