42
70 40 
17 9 38 1 153 
11 19 1 1 209 
11 19 59 1 209 
11 19 44 1 209 
11 19 18 1 209 
12 21 28 1 252 
12 21 40 1 252 
12 21 31 1 252 
14 23 26 1 322 
14 23 47 1 322 
14 23 1 1 322 
14 23 6 1 322 
24 15 6 1 360 
24 15 10 1 360 
24 15 22 1 360 
25 16 44 1 400 
25 16 36 1 400 
25 16 45 1 400 
25 16 35 1 400 
27 17 40 1 459 
27 17 17 1 459 
18 29 46 1 522 
18 29 34 1 522 
18 29 51 1 522 
21 31 9 1 651 
21 31 9 1 651 
21 31 2 1 651 
32 22 36 1 704 
32 22 12 1 704 
23 33 4 1 759 
23 33 12 1 759 
23 33 26 1 759 
34 24 13 1 816 
34 24 19 1 816 
35 25 1 1 875 
35 25 3 1 875 
36 26 17 1 936 
37 27 27 1 999 
38 28 32 1 1064 
39 29 14 1 1131 
41 30 15 1 1230 
43 31 4 1 1333 
