42
70 40 
17 9 8 1 153 
11 19 59 1 209 
11 19 55 1 209 
11 19 43 1 209 
11 19 45 1 209 
12 21 56 1 252 
12 21 36 1 252 
12 21 15 1 252 
14 23 6 1 322 
14 23 54 1 322 
14 23 42 1 322 
14 23 11 1 322 
24 15 8 1 360 
24 15 34 1 360 
24 15 5 1 360 
25 16 22 1 400 
25 16 45 1 400 
25 16 34 1 400 
25 16 35 1 400 
27 17 29 1 459 
27 17 5 1 459 
18 29 25 1 522 
18 29 17 1 522 
18 29 26 1 522 
21 31 18 1 651 
21 31 28 1 651 
21 31 12 1 651 
32 22 35 1 704 
32 22 21 1 704 
23 33 8 1 759 
23 33 19 1 759 
23 33 17 1 759 
34 24 22 1 816 
34 24 26 1 816 
35 25 33 1 875 
35 25 5 1 875 
36 26 31 1 936 
37 27 20 1 999 
38 28 2 1 1064 
39 29 31 1 1131 
41 30 25 1 1230 
43 31 15 1 1333 
