120
7410 16
494 3
483 2
483 4
481 4
477 2
476 1
475 3
471 4
462 4
461 1
460 1
460 4
454 1
449 4
447 2
443 1
436 1
430 4
429 1
427 4
424 3
418 4
418 1
411 3
411 1
408 4
406 4
402 1
398 1
397 3
395 4
382 4
379 4
378 4
375 4
372 3
370 2
369 2
368 2
364 1
360 4
358 3
357 1
354 4
351 2
346 2
346 4
336 4
334 2
326 3
325 2
322 4
321 4
317 1
316 3
315 2
315 4
312 3
309 1
309 2
305 1
304 4
301 4
301 2
297 1
296 3
290 4
290 3
289 4
289 2
289 2
288 3
288 1
286 2
285 2
285 1
284 1
284 2
284 2
281 3
280 1
280 3
277 2
276 2
273 2
271 2
271 1
270 4
269 3
269 1
269 2
268 1
268 4
268 3
268 2
267 2
267 1
266 4
264 1
264 1
263 3
263 3
261 2
261 3
259 2
258 1
257 2
257 1
257 2
255 1
255 1
254 2
252 3
251 1
251 3
251 4
251 3
251 1
250 3
250 4
