120
7485 16
499 1
493 1
493 3
491 4
491 3
488 3
485 4
483 2
472 2
465 4
465 3
463 1
456 2
450 2
449 4
443 3
443 2
435 3
429 3
424 3
422 4
412 2
408 3
401 2
400 3
400 1
400 1
399 3
395 3
393 3
385 1
383 4
378 3
377 2
377 3
374 3
372 2
372 3
365 3
361 3
360 2
355 1
354 1
350 3
349 4
347 3
344 4
343 2
338 4
337 3
332 4
329 3
326 2
325 1
320 4
313 3
311 3
310 3
310 2
308 2
308 4
305 3
301 2
300 1
297 4
296 3
296 1
295 1
292 1
291 1
291 3
288 1
288 1
288 3
287 1
281 1
280 1
277 2
276 2
275 1
275 3
275 2
273 1
271 2
269 4
268 3
268 1
268 2
267 3
266 3
266 4
266 1
265 4
264 1
264 2
264 4
263 1
262 3
262 2
262 4
261 1
261 2
260 4
258 4
258 2
257 1
256 2
256 2
256 4
256 1
255 2
253 4
253 3
252 4
252 2
251 1
251 2
251 3
251 2
250 1
