120
7305 16
487 3
484 2
483 4
482 4
479 4
473 4
472 4
472 3
469 3
465 3
463 2
458 4
453 4
446 3
446 2
443 1
443 4
443 1
440 1
433 1
426 4
426 1
425 2
422 1
411 1
408 4
404 1
400 1
400 2
387 4
387 1
386 3
386 1
378 1
373 1
372 1
367 3
365 2
363 2
363 3
363 3
362 2
362 1
357 2
354 3
344 1
337 3
334 3
333 3
332 2
330 2
322 2
322 3
322 4
320 4
317 4
310 1
307 3
306 2
306 1
305 1
304 4
303 2
303 4
303 3
302 1
296 4
296 3
294 1
292 3
287 4
285 4
282 3
281 1
280 4
279 2
279 4
278 4
277 1
277 4
276 4
274 2
274 3
274 1
272 4
271 3
271 2
270 1
270 3
270 4
269 3
267 4
267 1
267 3
266 3
266 1
264 4
264 2
263 2
262 1
262 1
261 2
261 4
260 1
258 1
258 2
257 3
256 4
256 4
255 3
255 2
252 4
252 4
251 4
251 3
251 4
251 3
250 4
250 4
250 2
