120
7485 16
499 1
494 1
493 3
491 4
482 3
480 4
474 3
471 1
469 2
465 1
462 4
462 2
462 2
457 4
453 3
447 3
435 4
433 2
424 3
423 4
420 1
415 4
414 1
413 4
411 1
410 1
408 3
402 2
394 4
393 4
393 3
389 3
389 3
383 3
375 1
373 2
371 1
363 1
363 3
358 2
358 1
355 1
355 1
351 1
349 4
343 4
340 4
335 2
334 4
333 3
332 4
332 2
329 4
318 4
315 2
313 1
312 3
309 4
307 2
306 1
305 2
303 2
303 2
299 3
298 2
298 2
291 3
290 2
289 1
289 2
288 3
285 2
284 1
282 3
282 2
282 2
281 3
281 4
280 3
280 3
279 3
278 1
277 3
275 4
275 2
275 2
273 2
272 3
272 4
271 4
270 3
269 3
268 1
268 4
264 1
261 1
260 2
260 1
259 2
259 1
258 2
258 3
258 2
257 1
257 3
257 2
256 4
256 1
255 1
255 4
254 4
254 4
254 3
253 3
252 1
251 1
251 1
250 1
250 3
250 3
