120
7455 16
497 2
496 3
493 1
490 4
490 2
485 2
484 4
472 3
470 2
462 1
458 3
446 1
446 3
445 1
442 2
436 2
436 1
433 2
427 4
426 3
423 3
422 2
419 4
414 2
410 1
408 1
403 2
402 2
396 1
388 4
387 1
386 4
377 4
375 1
375 3
374 3
373 3
372 4
372 4
364 3
363 4
361 3
357 4
352 3
352 2
349 4
347 1
342 1
339 2
336 4
335 2
334 3
330 4
329 1
328 1
323 1
318 2
315 4
312 3
310 3
308 2
308 3
306 2
306 4
305 1
302 1
302 2
294 1
292 4
290 1
287 1
285 1
280 3
278 4
276 3
276 4
276 1
276 3
275 2
275 3
274 3
274 2
273 1
273 3
272 4
270 2
270 4
270 2
269 4
268 2
268 3
266 1
265 4
263 1
262 1
262 1
262 1
260 3
258 3
258 1
258 4
257 3
256 4
255 3
254 4
254 3
254 4
254 1
253 4
253 4
253 4
252 2
252 2
252 1
252 1
251 1
250 2
250 4
250 4
250 2
