249
7410 16
494 1
491 2
491 1
488 3
487 2
482 2
480 1
478 1
477 4
476 2
474 2
471 4
470 3
470 2
470 3
469 2
466 3
463 2
460 1
460 4
460 3
459 1
458 1
458 3
457 1
455 2
451 1
449 4
446 4
446 3
444 2
440 3
440 1
438 3
438 3
438 2
437 3
436 1
436 4
435 2
434 1
427 4
427 4
426 3
425 1
424 4
424 2
419 1
417 1
417 1
415 2
414 3
411 4
411 2
411 3
400 4
398 1
397 3
396 1
394 1
388 1
388 2
386 3
384 2
382 1
381 4
380 3
379 3
378 4
377 2
377 3
376 1
375 3
372 3
370 1
369 3
369 4
369 2
366 4
365 2
365 3
364 3
364 3
362 3
361 3
357 1
356 2
356 3
355 1
353 1
352 3
350 1
349 4
345 1
343 3
341 4
340 2
340 1
339 2
338 4
337 3
335 2
333 4
332 1
329 3
329 1
328 4
327 4
326 4
324 1
323 3
319 1
318 2
317 2
315 3
314 1
312 1
312 3
312 1
309 1
308 4
307 4
307 4
305 4
305 2
303 4
303 4
303 3
302 1
302 1
302 4
301 4
299 3
298 4
297 3
297 4
296 4
295 2
295 3
295 1
294 4
294 3
292 1
292 1
291 3
291 1
291 4
290 3
289 1
289 2
289 2
289 2
288 1
287 2
287 2
286 1
285 2
283 1
282 4
282 2
281 1
280 4
280 2
280 1
279 3
279 3
275 3
275 4
275 3
275 3
275 1
274 2
274 4
274 3
274 4
274 4
273 4
273 2
273 4
273 3
271 2
271 1
271 3
270 4
270 1
270 4
270 2
269 2
269 2
269 3
269 4
268 1
268 2
268 2
267 2
267 1
267 2
266 1
266 3
264 2
264 3
264 3
264 4
263 1
263 1
263 3
262 2
262 3
262 4
262 2
261 4
261 2
260 4
260 3
260 3
260 2
259 4
259 3
259 3
258 3
258 3
258 2
257 4
257 3
257 3
257 3
256 1
256 2
256 1
255 1
255 1
255 2
255 1
255 4
255 4
253 3
252 3
252 4
252 4
252 4
252 3
252 3
251 4
251 1
251 1
250 4
250 3
250 1
250 3
