249
7470 16
498 3
495 4
495 1
493 1
487 3
485 3
484 2
484 2
483 1
479 4
476 1
472 1
469 1
464 4
464 3
463 1
460 4
456 2
453 2
449 2
449 3
448 1
445 4
442 4
440 3
437 3
433 4
432 3
430 3
430 3
428 2
427 1
426 4
425 2
424 4
423 3
423 1
423 3
422 2
419 4
417 2
415 4
415 4
414 4
413 4
410 4
407 3
406 2
403 2
402 2
397 2
397 4
393 2
391 4
391 3
387 4
384 1
384 4
383 4
382 2
381 4
380 3
379 1
379 4
379 2
378 2
378 4
378 1
376 3
376 3
375 1
375 4
375 3
374 1
372 2
372 2
367 3
366 3
365 4
363 4
361 1
361 2
360 4
358 3
358 3
358 3
356 4
356 4
355 3
355 4
354 3
352 4
352 1
351 1
350 2
350 2
350 1
349 1
347 2
345 2
344 3
343 3
342 1
339 4
339 1
339 1
335 3
332 2
332 4
331 4
330 4
329 1
329 1
328 4
327 1
327 1
326 3
326 3
325 3
324 4
321 4
318 3
314 1
314 3
314 4
311 3
311 3
310 4
309 4
309 1
308 2
308 4
308 1
306 4
305 3
305 3
304 4
303 3
303 2
302 3
302 2
301 1
300 4
299 4
299 4
297 4
297 2
295 4
294 4
293 1
293 2
293 2
291 2
290 4
290 1
289 4
288 3
287 1
287 2
285 2
285 3
284 1
284 1
283 3
283 2
282 4
282 4
281 3
281 1
280 4
280 1
280 2
279 3
279 4
279 2
278 1
276 3
276 4
275 4
275 3
275 3
275 2
274 3
274 3
273 1
273 4
272 1
272 4
271 4
270 2
269 1
269 4
268 4
268 3
267 1
267 3
266 2
266 3
266 3
266 4
264 1
264 3
264 4
264 2
263 1
263 1
263 2
262 2
262 3
261 4
260 1
260 2
260 2
260 1
260 4
260 4
260 2
260 2
259 3
259 1
259 3
259 4
258 1
257 3
257 3
257 3
257 3
257 3
256 3
256 2
256 1
256 1
256 4
255 4
255 1
254 3
254 3
254 3
253 2
252 1
252 1
252 4
251 2
251 2
251 1
251 1
251 3
250 2
250 3
