249
7485 16
499 3
498 1
493 2
491 4
489 3
489 1
489 1
488 3
487 4
484 2
480 4
479 4
478 1
472 4
471 1
467 1
466 2
463 3
463 1
463 3
461 3
453 4
450 1
447 1
445 4
444 1
443 3
440 4
438 1
438 3
435 3
433 3
433 2
431 3
425 2
425 2
425 3
422 3
420 4
419 3
418 4
414 1
413 3
412 4
411 3
407 2
405 4
404 4
404 4
403 3
403 4
400 1
399 2
394 1
394 2
389 3
388 1
386 2
385 2
384 4
384 2
382 1
382 2
381 2
381 1
380 2
379 1
379 1
378 3
377 1
376 2
376 1
374 1
374 3
371 1
370 4
367 3
366 3
365 4
365 2
363 2
363 2
362 2
361 4
360 4
358 2
357 3
356 4
353 3
353 4
352 2
352 3
350 3
350 3
346 4
345 4
343 3
343 4
342 2
338 3
336 1
335 2
335 3
334 1
333 4
330 3
330 4
329 2
329 2
328 2
326 3
324 1
323 3
321 3
320 1
320 1
319 4
317 4
315 3
315 1
314 2
313 1
313 2
312 4
312 3
312 3
310 2
310 2
309 1
308 3
307 1
307 1
307 3
305 2
304 3
304 2
301 4
301 3
300 4
300 2
300 3
299 1
299 2
299 2
297 4
297 3
297 1
297 1
295 2
295 1
294 3
294 4
293 1
293 4
291 2
290 2
289 4
289 3
288 3
287 3
286 1
285 2
285 3
283 1
283 4
283 3
282 1
281 2
280 3
279 4
279 1
279 4
279 3
278 3
276 3
276 4
276 2
276 4
276 1
275 3
275 4
274 4
274 3
274 1
273 3
273 2
273 4
273 3
271 2
270 2
270 4
270 1
269 2
268 1
268 3
268 1
267 3
267 2
265 3
265 4
264 1
263 4
263 4
263 3
263 3
262 1
262 4
261 1
261 3
260 3
260 4
260 4
260 2
259 4
259 2
259 1
259 2
259 3
258 3
258 4
258 3
257 1
257 1
255 1
255 4
255 1
254 3
254 3
254 1
253 2
253 4
253 3
252 3
252 1
252 4
252 3
252 3
252 2
252 4
252 4
252 2
251 4
251 1
251 3
250 4
250 3
250 4
250 2
250 4
