249
7410 16
494 1
493 2
491 1
489 2
488 4
486 4
481 2
478 3
478 2
474 2
473 2
472 4
471 3
469 2
469 2
468 4
459 2
457 2
456 1
455 3
455 3
453 2
449 4
448 2
446 2
445 3
442 3
439 2
438 1
438 2
436 2
433 4
433 3
432 1
431 2
431 3
427 4
425 4
425 2
421 4
418 4
418 3
414 3
414 3
412 1
409 3
409 2
407 2
403 4
401 3
397 4
396 3
391 3
386 4
385 4
384 3
384 2
384 1
381 3
380 2
380 2
378 4
378 1
377 1
376 1
375 1
373 4
372 3
372 4
372 1
372 2
370 3
369 3
368 3
366 4
366 3
366 4
363 4
363 1
363 2
363 4
362 4
361 1
360 1
360 1
360 1
358 3
357 2
356 3
355 4
355 1
354 2
353 2
353 1
353 3
352 3
352 4
351 2
348 3
347 2
346 2
346 2
345 3
345 3
344 4
342 3
339 3
339 3
337 1
336 2
335 4
334 4
334 1
332 2
332 4
331 4
328 1
328 4
325 3
324 4
318 3
318 1
317 3
316 1
316 4
313 3
313 3
312 3
311 1
310 3
308 2
306 2
305 3
304 2
302 1
301 1
301 3
300 2
298 4
298 4
297 1
297 2
296 1
296 1
296 4
295 2
295 3
295 3
295 3
294 2
294 4
292 2
292 2
291 2
290 2
289 3
288 2
288 3
288 2
288 2
287 4
286 4
280 3
280 4
279 2
279 2
278 4
278 3
278 2
277 4
277 2
277 1
276 4
276 2
276 1
276 3
276 1
275 1
275 4
275 2
275 4
274 1
274 2
272 3
272 4
271 3
271 3
271 4
271 1
270 1
270 3
270 4
269 1
269 2
269 2
269 4
267 2
267 3
267 1
266 1
265 3
264 3
263 1
262 2
262 4
261 1
261 2
261 3
260 3
260 3
260 2
259 1
259 2
258 2
258 3
257 1
257 2
257 2
257 3
257 1
256 1
256 4
256 2
256 2
256 2
256 2
256 3
256 4
255 1
254 1
254 4
254 4
254 2
254 2
253 1
253 4
253 1
253 3
252 2
252 2
251 2
251 1
251 3
250 4
250 2
250 1
250 1
250 1
250 2
