249
7470 16
498 1
497 2
497 4
497 1
496 3
495 3
495 4
492 2
491 2
491 2
490 4
488 1
485 2
485 3
485 4
485 2
481 4
480 3
480 1
479 2
478 2
474 2
473 4
473 2
472 4
471 2
470 1
469 3
466 1
464 3
462 4
450 3
446 3
446 3
445 4
445 1
444 1
441 3
441 3
439 2
437 4
434 1
430 1
426 2
426 2
422 3
421 4
420 1
419 3
419 4
415 2
414 3
412 1
410 4
407 3
406 4
405 1
404 2
400 4
397 1
395 4
393 4
392 3
392 1
392 4
386 3
385 2
382 4
376 2
372 1
370 2
370 4
367 1
367 2
366 4
366 3
366 4
366 4
366 4
365 3
363 3
363 2
362 2
361 3
359 3
357 1
357 1
357 1
356 3
356 1
355 1
355 1
352 1
351 4
351 3
350 3
350 3
350 1
350 2
347 2
346 2
344 3
342 3
337 2
336 3
333 2
333 2
330 3
329 4
325 4
320 4
318 1
318 3
315 4
314 3
314 1
313 1
312 4
310 3
308 4
308 2
307 1
305 4
303 1
302 4
301 2
299 3
298 1
298 1
298 2
297 1
295 2
294 2
294 2
294 4
293 4
293 3
292 4
291 1
290 4
288 2
287 4
287 4
287 1
283 3
282 1
282 4
281 1
281 2
280 2
278 1
277 3
276 1
276 1
276 3
275 3
275 3
275 3
274 1
274 3
274 3
274 1
273 3
273 1
272 1
272 1
272 4
271 3
271 1
271 1
271 2
271 1
269 1
269 1
269 2
269 4
268 2
267 4
267 4
266 3
265 4
264 3
264 1
264 4
263 2
263 3
263 4
262 1
262 1
262 1
261 3
261 1
260 3
260 3
260 3
259 1
259 3
259 2
259 2
259 4
259 3
258 4
258 4
258 1
258 2
258 1
257 2
256 4
255 4
255 4
255 4
255 4
255 3
255 2
254 4
254 1
254 2
254 4
254 4
253 3
253 2
253 3
253 4
253 3
253 3
253 3
252 1
252 1
252 2
252 4
252 1
252 2
252 2
251 4
251 1
251 2
251 2
251 2
251 3
250 3
250 3
250 4
250 3
250 2
250 2
250 2
250 2
250 4
250 1
