501
7485 16
499 1
499 1
498 4
496 2
496 4
494 2
492 2
492 3
491 1
487 1
483 2
481 3
481 4
480 4
480 3
480 4
478 4
478 4
477 3
476 3
475 1
475 3
475 3
474 3
473 2
473 1
472 3
472 2
471 1
471 1
468 1
468 3
467 1
466 4
466 3
466 2
465 4
464 4
463 4
462 1
461 2
461 4
460 3
459 3
459 2
458 2
457 4
456 4
456 2
455 2
455 2
454 2
454 3
453 1
452 4
451 2
451 3
449 1
448 3
448 2
447 3
445 4
444 1
444 3
442 1
441 1
440 2
440 2
440 4
440 4
438 3
438 3
437 2
437 2
434 3
432 1
432 1
431 2
427 2
427 2
427 3
426 1
425 4
425 4
424 4
422 2
422 3
418 3
418 3
413 3
410 1
410 3
408 2
407 1
407 4
407 1
407 2
406 4
405 2
404 1
403 4
400 1
399 2
397 3
397 1
396 4
396 4
395 2
395 3
394 4
393 2
393 1
392 2
392 1
392 1
391 4
389 1
389 3
388 4
388 1
388 1
387 1
387 1
387 1
386 1
385 1
385 3
385 2
383 2
382 3
381 1
381 3
380 2
379 3
379 3
378 4
378 4
378 2
377 4
376 3
376 3
376 3
376 4
376 3
375 2
374 2
374 2
373 3
372 1
372 3
372 1
371 3
370 2
370 1
369 1
369 2
369 3
369 3
369 4
368 4
368 1
367 4
365 3
365 4
364 2
364 3
364 2
364 2
364 2
363 3
362 3
361 2
360 1
359 1
358 3
358 3
358 4
357 2
357 4
357 1
357 4
356 3
356 3
355 2
351 3
351 1
351 2
350 1
349 2
349 1
349 1
348 2
348 1
347 3
347 3
347 4
346 3
346 2
344 1
343 4
342 2
340 4
340 3
340 1
339 4
337 3
337 3
336 4
335 3
332 4
332 3
331 3
330 2
330 3
330 1
329 3
329 4
329 2
327 2
326 3
325 3
325 2
325 1
325 1
324 2
324 3
323 1
323 1
323 3
322 1
321 3
321 2
320 1
319 2
319 2
318 2
318 2
318 3
318 3
316 4
315 3
315 1
314 2
313 2
312 3
312 2
310 2
310 2
309 3
309 3
309 4
309 1
309 4
309 4
308 2
307 3
306 3
306 4
305 4
303 2
303 2
302 3
302 2
301 3
301 3
300 4
300 2
298 2
298 4
298 4
297 4
296 3
296 1
296 4
296 4
296 3
295 4
295 1
294 2
294 3
294 2
294 1
294 1
293 3
293 3
293 1
292 3
292 4
291 3
291 2
291 3
291 2
290 2
290 2
290 2
290 1
290 1
289 3
289 4
289 4
289 3
289 2
289 4
288 4
288 4
287 4
287 3
287 4
287 1
287 3
287 1
286 1
286 4
286 3
286 3
286 2
286 2
285 1
284 1
284 1
283 4
283 1
282 4
282 4
281 3
280 3
280 1
280 2
279 2
279 2
279 1
279 4
279 3
279 4
278 1
278 2
278 1
278 3
278 1
278 3
278 4
277 3
277 2
276 3
276 3
276 3
276 3
275 2
275 4
275 4
275 4
275 2
275 2
274 4
274 4
274 3
274 2
274 1
273 2
273 2
273 2
273 2
272 4
272 2
272 1
272 4
272 4
271 4
271 2
271 3
271 4
271 1
271 4
271 1
271 4
271 4
270 1
270 2
270 4
270 4
270 3
269 1
269 4
269 4
269 3
269 4
269 2
269 3
269 2
268 3
268 1
268 2
268 1
268 4
267 4
267 2
267 4
267 1
266 3
266 1
266 4
265 4
265 1
265 4
265 1
264 4
264 3
264 1
263 4
263 3
263 3
263 1
263 2
263 4
263 4
263 1
262 2
262 3
261 4
261 4
261 3
261 2
260 1
260 2
259 1
259 1
259 2
259 2
259 3
259 1
258 1
258 2
258 3
258 4
258 4
257 1
257 3
257 4
257 2
257 4
257 1
257 4
257 3
257 3
256 3
256 4
256 3
256 2
256 3
255 1
255 3
255 1
255 3
255 3
255 2
254 4
254 2
254 2
254 1
254 3
254 1
254 3
253 4
253 2
253 3
253 1
253 3
253 1
253 3
252 4
252 1
252 1
252 3
252 2
252 2
252 3
252 1
252 2
252 2
252 4
252 3
251 4
251 1
251 3
251 4
251 2
251 2
251 3
251 4
250 1
250 4
250 2
250 3
250 2
250 2
250 3
250 3
250 1
250 4
250 1
250 3
