501
7485 16
499 1
498 2
497 1
497 1
495 4
494 2
494 2
492 1
489 4
489 1
487 3
486 2
485 1
480 1
479 3
479 1
477 3
476 3
475 4
475 1
475 2
474 2
473 3
473 3
470 4
469 1
468 2
466 2
466 3
466 4
466 3
465 4
465 3
463 2
463 2
462 4
462 3
460 1
458 1
457 3
455 1
454 2
454 4
453 3
452 2
452 2
450 3
449 3
448 3
447 4
446 2
445 4
444 2
443 4
443 4
443 3
441 4
441 1
440 4
440 1
440 2
439 4
438 3
438 3
438 1
437 3
437 2
435 1
435 3
435 1
435 3
434 4
434 2
434 2
432 4
429 3
428 4
428 2
428 2
426 2
426 3
425 1
423 3
423 2
421 4
419 1
419 4
418 4
417 2
417 1
416 2
416 4
414 3
413 2
412 1
410 3
410 1
410 4
409 2
408 1
408 2
408 4
408 3
407 2
407 1
402 3
400 1
399 3
398 2
397 1
396 4
395 4
394 1
392 2
392 2
392 1
392 1
391 4
391 1
387 1
387 1
386 4
384 4
384 2
383 1
383 3
382 1
382 4
382 2
382 3
380 1
379 4
378 4
378 3
378 3
377 2
377 1
376 1
376 2
376 1
376 2
375 1
375 1
374 2
373 4
373 2
373 3
371 4
371 4
371 3
370 2
369 2
369 2
369 1
369 4
369 1
368 4
368 1
367 2
367 4
365 1
364 1
361 1
360 1
360 3
360 3
360 3
359 4
359 2
359 1
359 1
358 3
357 1
357 4
356 2
356 4
355 1
355 1
355 4
354 2
353 2
353 3
353 2
353 4
352 4
352 4
351 4
350 4
350 1
349 2
349 2
348 1
346 2
346 3
345 3
345 3
342 2
341 2
340 1
340 2
338 4
337 2
336 2
335 4
335 1
335 2
334 1
333 1
332 1
331 4
330 1
330 3
329 2
328 2
327 2
326 4
326 3
326 3
326 3
326 4
325 2
325 3
325 3
325 2
325 1
324 4
323 4
322 3
322 1
322 1
322 1
322 2
322 4
320 1
319 2
319 4
318 3
318 2
318 2
316 2
316 1
315 1
315 1
314 3
313 4
313 3
312 2
312 4
312 2
311 3
311 2
309 4
308 2
307 2
307 3
306 3
306 1
305 4
305 3
305 1
305 3
304 1
304 1
303 4
303 3
303 4
302 3
302 1
302 1
302 1
302 4
301 4
301 1
301 2
301 1
300 1
300 1
299 3
299 4
299 3
299 3
299 4
298 4
297 4
297 4
297 2
296 3
296 1
296 3
295 2
295 4
295 2
295 1
295 1
294 3
293 1
293 3
293 1
293 4
293 1
293 1
292 4
291 1
291 1
291 4
291 1
290 3
289 2
289 4
289 3
288 3
288 4
287 3
287 1
287 3
287 2
287 4
287 2
287 2
287 1
286 4
286 3
286 2
286 2
285 4
284 3
284 4
284 3
283 4
283 2
283 2
283 3
282 1
282 4
282 3
281 3
281 3
281 1
281 1
281 2
280 1
280 4
279 1
279 4
278 4
278 2
278 2
277 1
277 2
277 4
277 3
277 3
277 4
277 2
276 1
275 4
275 3
274 1
274 1
274 2
273 3
273 3
273 2
273 2
273 4
273 2
272 4
272 1
272 1
272 2
272 4
272 2
272 3
271 4
271 3
271 3
271 2
270 2
270 3
270 3
270 3
269 1
269 2
269 3
268 4
268 4
268 1
268 2
267 2
267 2
267 3
267 3
267 1
267 2
267 3
266 1
266 1
266 4
266 4
266 4
265 3
265 2
265 2
265 1
265 4
264 3
264 4
264 3
264 2
263 1
263 3
263 1
263 3
263 2
262 2
262 1
262 4
262 1
261 2
261 3
261 2
261 2
261 2
261 2
261 1
260 4
260 3
260 2
260 1
259 2
259 3
259 1
259 4
259 2
259 1
258 1
258 3
258 3
258 2
258 4
258 2
258 1
257 1
257 2
257 3
257 1
257 4
257 2
257 3
256 2
256 3
256 3
255 2
255 2
255 2
255 1
255 2
255 2
255 4
255 1
255 4
254 2
254 2
254 3
254 4
254 2
254 1
254 1
254 4
254 3
254 4
253 3
253 3
253 3
253 4
253 1
253 1
253 3
252 2
252 3
252 4
252 3
252 1
252 3
252 2
252 3
252 1
252 2
251 3
251 1
251 2
251 2
251 3
250 1
250 3
250 4
250 2
250 1
250 3
250 4
250 3
