501
7485 16
499 4
499 4
497 1
495 2
494 4
494 1
493 2
493 2
492 4
492 2
491 4
489 4
487 4
486 2
484 4
484 3
483 4
480 1
479 4
479 3
479 4
477 2
477 2
477 1
477 2
475 2
471 2
470 4
470 2
470 3
470 3
469 3
467 3
467 1
466 2
466 4
466 2
465 3
465 2
465 1
465 2
463 4
462 1
461 2
460 1
458 4
457 1
456 2
456 4
455 2
454 4
452 2
452 1
451 2
450 1
450 4
449 3
449 3
448 4
446 1
446 4
445 4
442 2
441 3
438 3
437 2
437 2
435 2
434 1
433 4
433 3
433 4
431 4
431 4
431 1
430 4
430 2
429 2
429 3
428 2
428 1
427 4
423 1
421 1
421 1
421 3
420 1
419 2
417 4
417 1
416 2
416 1
415 4
414 3
412 1
410 4
409 4
408 4
408 1
408 2
407 2
407 2
405 2
404 3
404 1
403 1
403 2
402 1
400 4
399 2
397 1
397 2
396 2
395 2
395 1
394 4
394 1
393 1
392 3
392 4
392 3
391 3
391 1
391 3
390 1
388 1
388 1
385 1
384 1
383 1
382 3
382 2
381 3
380 1
378 1
376 2
376 3
376 3
375 1
375 4
374 3
374 2
374 1
372 2
372 1
372 2
371 3
371 1
371 3
370 3
370 1
369 2
369 4
369 3
369 1
368 2
368 1
367 1
367 4
366 2
366 2
366 3
364 1
364 1
364 3
363 2
361 3
361 4
361 2
360 1
360 4
359 1
359 4
357 1
357 2
357 2
355 4
355 3
355 1
354 3
354 2
352 2
352 2
351 3
351 1
350 3
350 3
350 1
349 4
347 3
345 4
345 4
345 3
344 4
344 3
344 4
343 1
343 4
343 4
343 1
341 1
340 3
340 3
340 1
340 3
337 2
336 3
335 1
335 2
335 2
335 1
333 4
332 4
332 2
331 1
330 1
328 1
328 3
328 3
328 4
326 1
325 2
325 4
325 2
324 1
324 3
322 2
320 3
319 4
318 1
318 2
318 4
317 1
317 2
317 4
316 2
316 4
314 3
312 1
312 4
312 3
311 4
311 3
311 3
310 2
309 1
309 2
309 2
309 4
309 2
308 3
308 3
308 3
307 1
307 4
306 2
306 3
306 4
306 3
305 4
305 2
304 3
304 2
303 4
303 2
302 4
301 1
301 3
301 1
300 3
300 3
300 3
300 3
300 4
300 1
299 1
299 3
298 2
297 3
296 4
296 3
296 1
295 2
295 4
295 3
295 3
295 4
294 3
293 1
293 3
291 3
291 1
291 3
291 2
290 2
290 1
290 3
290 2
290 2
290 4
290 4
289 3
289 2
289 1
289 2
289 3
288 2
288 1
288 2
287 1
287 2
287 3
286 4
286 3
286 4
286 4
285 4
284 1
284 4
284 2
284 4
283 3
283 1
282 4
282 4
282 4
281 2
281 1
280 3
280 1
280 1
280 2
280 3
280 4
279 4
279 3
279 2
278 2
278 1
277 2
277 2
277 2
276 4
276 3
276 1
276 3
276 4
274 1
274 4
274 1
274 2
274 4
273 2
273 2
273 1
273 4
273 1
273 4
272 4
272 3
272 4
272 1
272 2
272 4
271 1
271 1
271 1
271 4
271 3
271 2
271 2
271 1
270 2
270 3
269 4
269 4
269 1
269 3
268 2
268 2
268 1
268 1
268 4
268 2
267 1
267 2
267 4
267 3
266 2
266 1
266 1
266 2
266 3
266 2
266 4
266 3
265 1
265 4
265 2
264 1
264 2
264 3
263 2
263 3
263 2
263 3
263 1
263 2
263 1
263 3
263 4
263 2
262 3
262 2
262 2
262 2
262 3
261 4
261 2
260 3
260 1
260 3
260 3
260 2
260 4
259 2
259 1
259 2
259 2
259 1
258 4
258 3
258 4
258 1
257 3
257 1
257 4
257 2
257 1
257 2
257 2
257 1
256 4
256 4
256 4
256 2
256 3
256 3
256 1
256 2
256 4
255 1
255 2
255 3
255 1
255 2
255 4
254 3
254 4
253 3
253 2
253 2
253 2
253 4
253 2
253 3
253 3
253 4
253 4
252 3
252 1
252 3
251 2
251 4
251 4
251 4
251 1
251 2
251 3
251 1
251 3
251 4
251 3
251 3
251 4
251 2
250 3
250 1
250 2
250 3
250 4
250 2
250 3
250 1
250 4
250 3
250 4
250 2
250 2
250 2
250 3
