501
7485 16
499 1
498 4
495 3
495 4
495 3
493 1
493 1
492 2
492 4
491 2
491 1
491 1
490 3
489 2
485 4
483 1
482 1
482 2
482 2
481 4
480 3
480 3
477 2
476 1
474 1
473 4
473 2
471 4
469 4
469 1
468 1
467 3
466 4
465 4
465 4
465 1
465 3
464 2
463 4
463 2
462 4
462 2
459 3
458 3
457 3
456 2
456 3
455 4
454 1
454 3
451 3
450 3
449 2
447 1
447 1
447 1
446 2
446 1
445 1
443 1
442 3
441 4
440 3
439 4
439 3
437 3
436 3
434 3
434 2
434 1
432 3
431 1
431 3
430 4
429 2
428 3
428 2
428 4
427 2
427 4
426 1
423 2
421 2
419 4
419 4
419 3
418 4
417 2
416 1
414 4
414 4
413 4
413 1
413 1
412 1
411 4
411 3
411 2
410 4
407 3
406 3
405 1
405 2
404 3
403 3
402 3
400 2
400 1
399 1
397 1
396 4
393 1
392 4
391 4
389 4
389 4
389 4
388 3
387 1
387 3
387 3
385 2
384 4
383 1
383 3
383 4
382 1
380 1
379 3
379 4
378 4
377 2
377 1
377 2
376 3
376 3
376 2
376 3
375 3
375 4
374 1
373 4
372 4
372 3
372 3
371 4
370 2
370 1
370 2
369 1
369 1
369 1
368 1
367 3
367 1
367 2
367 2
367 1
367 2
366 3
366 1
366 2
365 3
365 2
365 2
365 2
364 2
364 4
363 4
363 1
363 1
362 4
362 4
361 1
361 1
359 1
358 2
358 3
357 2
357 1
357 2
356 2
356 3
356 3
356 3
355 2
355 4
355 2
355 4
354 1
354 3
354 4
353 3
353 1
353 4
352 2
351 4
351 1
351 2
350 2
350 2
350 2
349 3
346 2
341 1
340 4
340 4
337 2
336 3
336 1
335 1
335 1
335 3
333 4
333 2
332 1
331 3
330 1
330 3
329 2
329 4
328 3
326 1
326 1
325 3
325 2
324 3
324 3
324 2
323 1
322 4
322 1
320 1
317 1
316 4
316 2
316 2
315 4
315 3
314 4
314 1
313 1
313 4
313 3
313 4
313 4
312 2
311 4
311 2
311 2
310 3
310 4
310 2
309 4
308 1
307 4
307 1
306 4
306 4
305 4
303 1
303 4
303 1
303 2
302 4
302 2
302 1
301 2
301 3
300 1
299 2
299 1
299 1
299 3
299 1
299 1
297 2
297 4
296 1
296 2
295 3
295 1
295 4
294 3
294 1
293 1
293 3
293 4
292 1
292 2
291 4
291 1
291 3
291 4
289 4
289 3
289 1
289 3
289 4
288 4
288 1
288 3
287 3
287 3
286 3
286 2
286 1
286 1
285 3
285 3
285 3
285 3
284 4
284 4
284 1
284 4
284 2
284 1
283 1
283 4
283 2
283 3
283 4
282 2
282 4
281 1
281 3
281 2
280 1
280 4
279 4
279 3
279 1
278 4
278 3
278 3
278 3
278 4
278 4
278 2
278 3
278 1
277 2
277 3
276 4
276 3
276 4
276 4
275 1
275 1
274 3
274 2
273 4
273 3
273 1
273 4
273 3
273 2
272 2
272 3
272 1
272 3
272 1
272 2
272 3
271 1
271 2
271 4
271 4
270 4
270 1
270 3
270 3
269 2
269 3
269 2
269 1
269 1
269 2
268 3
268 4
268 1
268 3
267 3
267 4
266 4
266 2
266 2
266 3
265 4
265 2
265 3
265 3
265 3
264 4
264 2
264 1
264 4
263 3
263 2
263 4
263 4
263 3
263 4
263 1
262 2
262 3
262 2
262 4
262 4
262 2
262 2
261 4
261 1
261 4
261 1
261 2
261 3
261 2
261 2
260 4
260 3
260 2
260 1
260 4
260 2
259 4
259 1
259 3
259 2
258 1
258 2
258 1
258 2
258 3
258 3
258 1
257 3
257 4
257 4
257 1
257 3
257 1
256 2
256 1
256 2
256 2
256 4
256 3
256 2
256 3
255 3
255 1
255 4
255 1
255 2
255 1
255 4
254 2
254 2
254 3
254 4
254 1
254 3
254 3
254 2
254 3
254 3
253 3
253 3
253 3
253 1
253 2
252 3
252 1
252 3
252 4
252 4
252 1
252 2
252 4
252 2
252 4
252 4
252 2
251 1
251 1
251 4
251 4
251 3
251 4
251 4
250 2
250 3
250 4
250 1
250 4
250 4
250 1
250 2
250 3
