501
7470 16
498 4
498 3
497 3
495 1
495 4
495 2
494 2
493 1
493 1
492 1
488 3
487 4
487 3
486 4
486 3
485 2
484 3
480 1
479 2
477 4
477 4
476 3
474 2
473 3
473 2
472 2
472 3
471 2
470 2
470 3
470 3
468 2
466 2
465 1
465 1
465 3
464 4
463 3
461 4
460 1
459 2
457 2
457 1
457 3
457 2
457 3
456 2
456 2
455 1
455 1
455 4
455 4
455 1
454 1
453 4
453 1
452 4
450 4
450 2
450 2
449 1
446 2
445 2
444 4
444 2
444 1
443 4
443 3
441 4
439 3
438 1
438 2
437 3
437 2
436 2
435 2
434 2
433 3
433 1
429 2
428 2
427 1
427 4
426 4
426 1
426 3
424 2
422 3
422 2
420 3
418 1
417 4
417 1
417 1
415 3
415 4
413 3
412 4
410 1
410 2
409 2
407 1
407 1
406 2
399 3
398 3
395 2
395 3
394 4
394 3
393 4
391 3
391 2
391 2
391 4
390 2
390 3
389 1
389 3
388 3
388 2
388 2
388 2
388 1
387 1
387 1
386 4
385 2
384 2
381 4
381 2
380 2
380 3
380 4
379 1
379 2
379 4
378 4
378 4
377 4
377 3
377 4
375 2
375 4
374 2
373 3
373 4
373 1
373 2
371 4
370 3
370 2
370 3
370 3
369 2
369 2
369 3
368 2
368 1
368 4
368 2
368 1
368 2
368 1
367 1
366 3
365 4
364 4
363 2
361 2
361 1
360 2
359 1
358 2
358 4
358 4
358 1
357 4
357 4
357 3
356 3
355 4
354 3
354 1
353 4
352 1
352 3
352 3
352 3
351 4
350 3
350 2
350 3
350 3
349 4
348 2
348 3
348 3
346 3
346 3
345 3
345 3
341 1
340 1
339 2
339 4
338 3
338 3
337 2
337 2
335 2
334 1
334 3
332 2
331 2
330 1
329 2
329 2
329 3
327 4
327 1
325 4
325 3
325 4
325 2
325 2
324 4
324 3
322 3
321 3
320 4
320 3
318 3
318 3
318 1
317 4
317 3
317 1
315 1
315 4
315 2
315 4
313 4
313 2
312 4
312 2
310 3
309 4
308 4
308 2
307 2
306 4
306 1
305 4
305 1
303 1
302 3
302 2
302 1
302 3
300 4
300 2
300 4
299 3
299 4
299 1
298 2
298 3
298 3
298 4
298 4
297 2
297 4
297 4
297 2
296 4
296 2
296 3
295 3
295 3
294 2
294 3
294 4
294 4
293 4
293 1
292 3
292 3
292 2
291 2
291 4
291 1
290 3
290 1
290 3
290 2
290 1
290 2
289 3
288 1
288 4
288 4
288 2
288 4
287 4
287 3
287 2
287 3
287 4
286 1
286 2
286 4
286 4
286 4
284 2
284 1
284 4
283 4
283 3
282 1
282 4
282 4
282 4
281 3
281 4
280 1
280 2
280 3
279 4
279 3
279 3
278 1
278 4
278 2
277 2
276 3
276 3
276 2
275 2
275 4
275 3
275 1
275 3
275 2
274 2
274 1
274 2
274 2
274 1
274 4
273 4
273 4
273 2
272 3
272 1
272 3
272 2
272 1
272 2
271 2
271 3
270 4
270 1
270 1
269 2
269 1
269 2
269 2
269 2
269 1
269 3
269 4
268 1
268 3
268 1
268 4
267 1
267 2
267 2
267 2
266 2
266 2
266 4
266 2
266 3
266 3
266 2
266 2
266 1
266 3
265 2
265 1
265 4
265 3
265 3
265 4
265 4
264 2
264 1
264 2
264 2
264 1
263 2
263 2
263 3
263 2
262 2
262 2
262 4
262 3
262 4
262 1
262 4
261 4
261 4
261 3
261 4
261 3
261 1
261 4
260 1
260 4
260 4
259 3
259 4
259 1
259 4
259 3
258 2
258 1
258 3
258 1
258 1
257 4
257 1
257 4
257 4
257 3
257 2
256 3
256 3
256 2
256 3
256 4
256 2
255 3
255 3
255 3
255 1
255 1
255 4
255 4
255 4
255 4
254 3
254 2
254 3
254 3
254 4
254 1
254 3
253 1
253 1
253 2
253 1
253 3
253 1
253 3
253 2
253 2
253 4
253 2
252 3
252 2
252 1
252 1
252 1
252 1
252 1
252 1
251 2
251 1
251 3
251 1
251 3
251 4
251 2
251 2
250 2
250 4
250 1
250 2
250 4
250 1
250 4
250 4
250 4
250 3
250 2
250 1
250 2
