501
7470 16
498 2
496 3
495 1
494 2
494 4
493 4
491 3
490 1
490 3
488 3
488 2
488 4
488 1
487 3
486 1
486 1
485 2
485 2
485 4
483 4
482 4
482 3
482 1
481 4
477 2
476 1
476 3
476 4
475 2
475 1
475 2
475 4
474 1
474 1
472 4
469 1
469 2
468 3
467 3
467 4
466 1
465 3
464 4
463 3
462 1
462 2
461 2
461 3
461 1
460 2
459 2
458 3
457 1
456 1
455 2
455 2
455 1
453 3
453 4
452 4
451 1
451 1
451 2
449 1
449 2
448 2
447 4
447 3
445 3
444 3
443 2
443 2
443 2
442 3
442 4
440 2
440 3
440 4
437 3
435 1
435 1
435 4
434 2
434 3
433 1
432 2
432 4
431 1
428 4
428 1
426 2
426 1
426 4
424 4
424 2
424 3
424 1
424 4
424 1
423 4
422 1
422 4
419 4
419 3
417 4
417 4
416 1
415 1
414 2
413 4
413 3
411 3
411 4
411 2
407 4
407 4
407 1
407 2
407 3
406 4
405 2
404 4
404 4
404 3
401 2
398 2
398 3
397 1
396 3
396 3
395 2
393 3
392 2
392 3
391 1
390 4
389 1
387 1
386 1
386 1
386 1
385 1
385 3
384 1
383 3
378 3
374 3
374 2
373 3
371 2
371 4
370 2
370 4
369 4
367 4
366 4
365 1
364 3
362 4
361 2
360 3
360 1
360 3
360 3
360 4
360 3
359 1
359 1
359 1
359 3
358 4
357 2
357 4
356 3
355 2
354 2
353 1
353 1
353 3
353 2
352 3
352 2
351 1
351 3
350 3
350 4
347 2
345 4
341 2
340 1
339 2
337 1
336 1
335 4
334 3
332 4
331 1
331 4
331 2
330 4
329 4
329 1
329 2
327 3
327 2
326 3
326 4
325 2
324 3
323 3
323 2
323 3
322 3
321 3
321 2
321 4
321 2
320 1
320 2
319 1
319 4
319 3
318 3
316 3
316 2
315 3
314 2
314 1
313 4
312 3
312 2
312 3
312 3
310 2
309 2
307 1
307 4
307 3
307 1
306 2
305 2
305 1
303 4
303 2
303 3
302 1
302 4
302 3
302 3
301 1
301 2
300 3
300 1
299 3
299 3
299 2
298 3
298 2
298 4
298 2
297 4
297 1
296 3
296 1
296 3
296 4
296 2
296 3
296 1
295 2
294 1
293 4
293 4
292 2
291 2
291 1
291 2
290 3
290 1
289 3
289 3
289 4
288 3
288 3
287 2
287 1
286 3
286 4
286 1
286 3
286 3
286 3
286 2
286 3
285 2
285 1
285 3
285 4
284 4
284 1
284 3
284 1
284 3
283 4
283 3
283 4
282 2
282 2
282 3
282 3
282 2
281 2
281 4
281 1
281 2
281 1
280 4
280 4
280 1
280 3
280 2
279 2
279 4
279 4
279 2
279 3
279 2
278 3
278 2
278 3
278 4
278 1
278 4
277 1
277 1
277 1
277 2
276 1
276 2
276 4
276 3
276 2
275 3
275 3
274 4
274 2
274 3
274 4
273 3
273 3
273 2
272 2
272 4
272 1
272 1
272 1
272 2
271 4
271 4
271 4
271 2
271 1
271 3
271 2
271 3
270 4
270 4
270 4
270 3
270 1
269 2
269 1
269 3
269 4
268 2
267 2
267 4
267 1
267 2
267 2
267 1
267 4
266 3
266 3
266 1
266 3
265 2
265 2
264 1
264 2
264 1
264 4
264 4
264 3
264 2
264 1
264 3
264 1
264 2
263 1
263 2
263 4
262 4
262 3
262 1
262 2
262 2
262 4
262 1
261 1
261 1
261 4
261 1
261 3
261 1
261 1
261 2
261 2
261 2
261 3
260 4
260 1
260 4
260 3
260 3
259 3
258 3
258 2
258 2
258 1
258 1
258 3
258 2
258 1
258 3
257 3
257 1
257 2
257 2
257 2
257 1
257 1
257 2
257 2
256 2
256 2
256 2
255 4
255 1
255 1
255 4
255 3
255 3
255 4
255 1
254 4
254 1
254 3
254 4
254 2
254 3
254 2
254 3
254 3
254 1
253 2
253 2
253 2
253 2
253 4
253 4
252 2
252 4
252 1
252 3
252 1
252 4
252 1
252 1
252 3
252 2
252 4
252 3
252 3
252 2
251 1
251 3
251 2
251 2
251 2
251 3
251 2
251 4
251 1
251 3
251 4
250 1
250 4
250 2
250 4
250 2
