120
1500 16
100 3
100 2
100 4
98 4
98 3
98 2
97 2
97 3
97 3
96 3
95 4
95 1
94 4
94 3
92 3
92 2
91 4
91 3
91 1
91 2
89 2
89 1
89 4
88 2
88 1
87 2
86 3
85 3
85 1
85 1
84 4
82 1
82 3
81 1
81 1
80 3
79 4
79 2
77 3
76 4
75 2
75 3
74 1
73 2
72 3
71 2
70 3
70 1
69 3
69 2
69 1
67 4
67 4
67 3
65 1
65 3
64 4
64 3
63 2
62 1
61 2
60 2
60 2
59 2
58 1
58 4
58 1
58 1
57 4
57 1
57 1
57 1
54 3
54 3
53 4
52 2
52 3
52 2
51 4
51 3
49 3
49 3
49 2
48 1
47 3
46 2
45 2
45 3
45 2
44 4
43 4
42 2
40 2
40 1
39 2
39 1
38 2
37 4
37 3
36 1
35 4
34 4
34 3
33 3
33 3
32 2
30 2
29 2
29 2
29 1
27 3
26 3
26 3
25 1
23 1
23 3
22 1
21 2
20 2
20 4
