120
1500 16
100 1
100 2
99 3
99 3
99 2
97 4
97 3
97 1
97 1
97 1
96 1
96 2
95 4
95 3
95 4
95 3
94 2
94 4
93 2
92 4
90 4
90 4
90 4
90 3
89 1
88 1
86 1
86 2
85 1
85 2
84 3
83 1
80 4
79 3
78 4
77 2
77 1
77 3
76 3
75 3
74 3
74 3
73 1
72 3
72 1
69 3
68 4
67 4
66 2
66 2
65 1
65 3
64 2
63 1
63 4
62 1
62 3
62 4
60 2
60 3
59 2
58 1
58 1
58 3
57 2
55 2
54 4
54 1
54 1
52 1
51 4
50 1
50 1
50 2
50 4
50 1
50 3
49 3
49 2
48 3
48 4
47 4
46 1
44 2
44 2
44 2
43 2
43 2
42 2
41 1
40 1
39 1
39 4
38 3
38 3
37 4
36 1
35 4
34 3
33 3
33 4
33 4
32 3
32 2
31 4
31 3
29 3
28 1
28 4
27 2
26 2
25 1
24 2
24 3
23 4
23 4
23 2
22 1
21 4
21 1
