120
1500 16
100 1
100 2
100 2
99 2
99 2
97 3
97 3
96 4
96 3
93 3
93 4
93 3
93 2
92 3
90 4
90 1
89 1
89 3
87 4
87 2
86 3
86 2
85 3
85 4
84 2
84 3
83 3
82 1
82 4
81 3
80 1
79 1
78 1
78 2
78 4
76 2
75 1
74 4
74 1
74 2
74 1
73 4
73 4
72 4
72 2
71 1
71 2
70 4
69 2
68 1
68 3
68 3
68 1
66 4
66 2
65 2
65 3
65 4
64 1
64 3
64 4
63 1
63 4
63 4
62 1
61 4
61 1
59 2
57 3
54 3
54 1
54 2
53 4
51 2
51 1
50 4
49 3
49 3
49 1
48 1
48 3
47 3
47 4
46 4
46 2
46 4
46 1
45 2
45 3
44 3
44 1
43 4
42 4
41 3
40 3
39 2
39 3
39 1
35 1
35 2
34 2
34 1
33 2
31 3
31 1
31 1
31 1
28 4
28 3
27 1
27 4
25 3
25 4
24 3
24 4
24 3
23 3
22 4
22 1
21 1
