120
1500 16
100 4
100 3
99 2
99 4
99 1
98 3
98 1
98 1
97 2
97 1
96 4
95 1
93 2
93 3
93 1
91 1
91 4
90 3
90 3
89 4
89 3
88 1
88 1
86 4
86 1
85 2
83 3
82 2
82 2
81 2
81 3
80 4
80 1
78 3
77 2
77 4
76 3
76 3
75 2
74 3
74 4
73 3
73 4
72 4
71 2
71 3
70 1
69 1
69 2
68 3
67 3
64 3
64 4
63 1
61 1
61 1
61 1
61 4
61 2
60 2
58 3
56 3
56 2
55 2
55 3
54 4
54 4
53 2
53 2
49 4
48 1
47 1
46 4
44 1
44 4
43 1
43 4
43 3
42 3
42 2
41 4
41 1
41 4
40 3
40 4
39 1
39 4
38 3
38 4
38 3
37 1
37 3
36 3
36 3
36 4
36 1
34 2
34 2
33 2
32 2
31 4
31 1
30 2
30 1
30 3
28 3
28 2
27 3
27 2
24 3
24 4
24 2
23 4
23 1
23 3
22 3
22 2
21 2
20 1
20 4
