120
1500 16
100 3
100 1
100 3
99 3
98 3
97 1
96 3
96 4
95 2
95 3
95 4
92 1
91 1
90 4
90 1
89 4
89 1
88 3
88 2
88 3
88 4
86 4
85 4
85 1
84 2
83 4
83 1
83 1
83 3
82 4
81 4
81 3
81 4
80 4
78 2
76 3
75 3
72 1
72 4
72 2
72 1
71 3
69 2
69 3
66 4
66 3
65 4
64 3
63 2
62 3
62 2
62 3
61 4
60 4
60 3
59 4
59 4
59 3
58 4
57 2
55 2
55 1
55 2
55 4
54 2
54 1
53 4
53 4
53 1
52 1
52 1
51 3
51 1
50 4
50 2
49 2
49 1
48 3
48 1
48 4
48 3
48 4
46 2
45 1
44 2
44 2
44 3
43 4
43 2
43 4
43 2
42 3
41 1
38 2
37 2
37 2
36 2
35 3
34 4
33 1
32 4
31 4
31 3
30 4
29 1
29 1
28 2
27 1
27 1
27 2
27 2
27 1
27 4
25 3
24 2
23 4
22 1
22 2
20 2
20 2
