120
1500 16
100 1
100 2
98 4
95 1
94 4
94 1
93 2
92 2
92 3
92 3
91 2
91 3
90 3
90 4
90 4
89 1
89 2
87 3
86 1
86 3
83 4
83 1
83 1
82 2
82 3
81 4
80 2
80 1
79 4
77 2
76 4
76 2
75 4
75 2
74 1
74 1
74 4
74 3
74 2
72 4
72 4
70 3
68 4
67 4
66 3
66 3
66 2
66 1
66 3
65 1
65 3
64 3
63 1
62 1
62 1
62 2
62 1
61 4
60 3
59 1
58 1
58 1
57 2
56 4
55 3
54 1
54 2
52 4
52 2
52 1
50 1
48 4
46 2
46 2
45 2
45 4
44 4
43 3
42 2
41 2
40 3
40 4
40 4
40 1
40 3
39 4
39 1
38 3
38 3
37 2
37 2
37 3
36 4
33 3
33 2
33 4
32 2
31 2
31 3
30 3
29 3
28 4
28 2
27 3
26 2
26 3
25 2
23 2
22 1
22 4
22 1
21 4
21 1
21 2
21 3
21 4
20 3
20 2
20 3
20 2
