120
1500 16
100 4
100 1
100 4
100 2
98 1
98 2
97 3
97 1
96 3
95 4
95 4
95 4
94 4
92 4
92 3
89 1
89 2
89 1
88 1
87 2
86 1
85 2
85 1
84 4
83 4
82 3
81 1
81 2
80 2
79 3
76 2
76 3
75 3
75 1
74 1
73 1
73 2
73 2
73 2
73 2
73 4
72 3
72 2
71 1
70 1
69 3
68 3
68 2
67 3
67 1
66 2
65 4
64 2
64 3
64 3
63 3
63 3
62 3
62 2
61 3
59 3
59 2
58 4
58 3
57 1
56 1
56 4
55 2
55 4
54 4
54 1
52 4
51 2
51 3
51 1
51 1
50 4
50 1
50 3
48 4
47 4
46 4
46 3
46 2
45 1
45 4
45 3
44 3
43 2
42 2
41 4
41 4
40 3
40 2
39 4
39 3
37 3
36 3
36 3
36 2
35 1
35 3
35 2
34 3
34 4
34 1
33 4
32 4
28 3
27 2
26 2
26 2
24 4
23 2
23 1
22 2
22 2
22 2
21 1
21 2
