120
1485 16
99 2
99 4
98 1
98 2
97 3
97 1
96 4
95 2
92 4
92 4
92 2
92 4
91 3
91 4
91 1
90 2
89 1
89 4
88 2
87 4
87 4
87 4
86 1
85 3
84 4
84 1
84 1
84 1
82 3
82 3
81 4
79 4
78 1
78 3
77 3
77 3
76 3
76 3
75 2
75 3
75 3
74 4
73 1
73 2
73 2
73 1
72 1
71 2
71 1
71 2
71 3
70 1
69 2
69 4
69 1
69 2
69 2
68 4
68 4
67 3
66 2
65 2
65 4
61 2
60 2
60 3
59 2
57 1
57 1
57 4
57 1
57 4
56 1
55 2
53 1
52 3
52 2
50 4
50 2
49 2
48 4
45 4
45 4
43 4
43 1
42 2
42 1
42 2
42 4
42 2
41 3
40 4
40 3
39 1
39 1
37 2
37 1
37 4
36 4
35 1
34 3
32 2
32 1
31 4
31 4
30 4
28 3
27 3
25 2
24 2
24 1
23 1
21 4
21 4
21 3
21 1
21 4
20 2
20 4
20 2
