120
1500 16
100 4
100 3
100 1
99 4
98 1
95 4
95 4
94 2
94 1
93 3
92 4
92 4
91 2
91 1
90 2
90 3
89 1
89 4
88 4
88 3
87 4
86 3
86 2
86 2
86 2
86 1
85 3
85 4
85 1
84 3
84 1
83 4
82 1
80 2
80 4
80 4
79 2
79 2
79 3
79 3
78 4
77 1
77 2
77 3
76 2
74 2
74 3
73 1
72 1
72 1
72 2
72 1
71 4
70 1
69 3
69 2
68 2
68 1
65 2
64 1
63 4
63 2
62 3
62 2
61 4
61 3
60 3
60 1
59 1
58 1
58 4
56 4
56 4
56 4
55 4
55 1
55 1
54 3
53 4
53 1
53 3
53 2
51 2
51 4
51 4
51 3
50 3
49 4
49 1
48 3
47 3
47 3
46 4
45 2
44 2
44 2
43 1
43 3
42 4
42 3
41 4
40 4
39 3
38 2
37 3
37 2
34 3
31 4
30 4
30 3
30 4
30 1
30 1
29 3
28 4
27 4
26 1
26 2
22 2
22 3
