250
1500 16
100 2
100 1
100 1
100 4
100 2
100 1
99 2
99 4
99 2
99 2
98 1
98 3
98 4
97 4
97 4
96 1
96 2
96 2
96 3
95 4
95 1
95 3
95 1
94 3
94 4
94 3
94 2
93 1
92 2
92 1
92 3
91 1
91 2
90 3
89 4
89 2
89 1
89 3
89 2
88 2
88 1
87 1
87 1
86 4
86 4
85 3
85 3
85 3
84 1
84 2
83 2
83 1
83 3
83 1
82 3
82 2
82 3
81 1
81 3
81 4
80 1
80 4
79 4
79 4
78 3
77 4
77 4
76 3
76 1
75 1
75 2
74 1
74 2
72 2
72 4
72 4
71 4
71 4
71 4
71 1
70 1
70 1
70 1
70 4
69 1
69 2
69 4
69 1
69 2
68 4
67 3
66 2
66 4
66 2
66 1
66 4
65 4
65 3
65 3
64 2
64 1
64 2
64 3
64 4
63 1
63 3
63 1
63 1
62 3
62 1
62 1
62 4
62 3
61 2
61 1
61 2
61 3
61 2
60 4
60 1
60 1
60 3
60 4
59 2
59 1
59 1
58 1
58 4
58 3
57 1
57 3
57 3
56 4
56 4
55 1
55 2
55 2
55 3
55 1
54 4
54 3
54 4
54 4
53 2
53 1
53 1
53 3
53 4
53 3
53 3
53 2
52 2
52 2
51 2
51 3
51 3
51 4
50 2
50 1
50 4
50 3
50 1
49 4
49 3
49 1
48 3
48 4
48 2
47 4
47 3
47 1
47 1
46 4
46 2
45 3
45 3
45 4
44 1
44 2
44 2
44 4
44 3
44 1
43 3
43 3
43 2
43 2
42 2
41 1
41 3
41 4
40 3
40 1
40 1
40 2
38 3
38 2
37 3
37 1
37 4
37 1
37 3
36 2
36 4
35 2
35 3
34 4
34 2
34 4
34 3
34 1
33 2
33 4
32 2
32 4
32 2
31 4
31 4
30 4
30 2
29 3
29 3
28 1
27 1
27 2
27 2
27 1
27 1
27 1
26 3
26 3
26 2
25 2
25 1
25 2
24 2
24 3
24 2
23 1
23 2
23 1
23 2
23 3
22 1
22 2
22 4
21 3
20 3
20 1
20 1
