250
1500 16
100 3
100 3
100 1
100 3
100 1
99 2
98 4
98 4
98 3
97 2
97 2
95 4
95 1
95 4
95 4
95 2
95 3
94 2
94 2
94 1
94 4
93 2
92 3
92 4
92 4
92 2
92 1
91 3
91 2
90 1
90 1
90 1
89 1
89 1
89 1
89 4
89 4
88 2
88 2
87 4
87 1
87 3
86 1
86 4
86 1
86 4
86 4
85 2
85 2
85 2
85 2
85 1
84 4
84 3
83 1
83 1
82 1
82 4
81 4
81 3
80 4
80 3
80 2
80 1
79 2
79 3
79 1
79 4
79 3
79 2
79 2
78 1
77 2
77 4
77 2
76 1
76 2
76 1
76 3
75 2
75 1
75 2
75 4
74 1
74 4
74 2
73 4
73 4
73 4
73 2
73 1
73 2
73 3
72 4
72 4
72 2
72 3
72 1
72 1
72 2
72 2
71 2
71 2
70 4
70 3
70 1
70 2
69 2
69 4
68 4
68 4
68 1
68 2
68 3
67 1
67 1
66 4
66 2
66 1
65 1
65 1
65 2
64 4
64 1
64 3
64 2
63 1
63 1
63 2
63 3
62 2
62 1
62 2
62 4
62 4
61 4
61 1
61 3
60 3
60 2
59 2
59 2
59 2
58 1
58 1
58 1
58 3
57 1
56 4
56 1
56 4
56 2
56 3
55 1
55 2
55 3
55 1
55 4
54 3
54 4
54 2
53 3
53 4
53 2
53 3
53 3
52 3
51 2
51 4
51 3
51 2
51 4
51 4
51 3
51 4
50 4
50 2
50 2
50 4
49 2
49 2
49 1
48 4
48 4
47 4
47 1
47 1
47 2
46 4
46 3
45 1
45 4
45 1
44 3
44 1
44 3
44 4
43 3
43 3
42 4
42 3
42 4
41 1
40 1
40 3
40 3
40 3
40 1
39 4
38 1
38 4
37 1
37 3
37 1
36 4
36 2
36 3
35 1
35 2
34 1
34 2
34 2
34 4
33 4
33 4
32 1
31 1
30 4
30 3
30 1
30 3
30 1
29 4
28 3
28 4
27 1
27 4
27 1
26 4
26 4
26 2
24 2
23 2
23 3
22 3
22 4
22 4
22 2
22 1
21 2
