250
1500 16
100 1
100 2
100 1
99 2
99 4
99 2
98 1
98 2
98 1
97 3
97 4
97 3
97 2
97 1
97 2
95 4
95 1
95 2
94 3
92 4
92 3
92 3
92 4
92 2
92 1
91 4
91 1
91 1
91 2
91 2
91 1
90 1
90 1
90 2
89 3
88 3
88 4
88 1
88 1
88 4
88 4
88 4
87 1
87 3
87 2
87 2
87 4
86 1
85 3
85 4
85 2
84 3
84 2
84 4
84 4
84 2
84 4
83 1
83 1
82 1
82 1
82 3
82 4
82 4
81 2
81 4
81 3
81 1
80 4
80 4
79 2
79 3
79 2
78 1
78 4
78 2
78 2
78 4
78 3
77 1
77 1
76 1
75 1
75 1
75 2
75 3
74 1
73 4
73 4
73 2
73 4
72 2
72 1
72 2
72 1
72 4
71 2
71 3
70 3
70 1
70 4
69 4
69 3
69 3
69 1
69 3
69 1
68 3
68 3
68 4
67 2
67 4
67 3
67 2
66 3
66 2
66 1
65 4
65 4
64 3
62 3
62 4
61 1
60 2
60 2
60 4
60 4
60 4
60 2
59 1
59 3
58 4
58 4
57 3
57 4
57 4
57 4
56 4
56 3
56 4
56 3
56 4
55 1
55 1
55 1
55 1
54 4
53 2
53 4
53 2
53 2
52 3
52 2
52 1
52 1
51 1
50 3
50 3
50 1
49 3
48 2
48 3
48 4
48 4
48 2
48 2
48 3
47 2
47 4
46 2
46 3
45 1
45 4
45 3
45 4
44 1
44 4
44 1
43 3
43 4
43 3
42 1
42 4
42 3
42 2
42 4
42 3
41 4
41 1
41 3
40 1
40 4
40 4
39 4
39 1
39 3
39 4
38 1
37 2
37 4
37 4
37 4
37 4
37 4
36 1
36 2
36 2
35 1
34 2
34 3
34 4
34 1
32 1
32 2
32 2
32 3
32 3
32 1
31 4
31 1
31 2
31 3
30 1
29 3
28 3
27 4
27 3
27 4
27 3
26 1
26 2
25 4
24 1
24 1
24 2
23 3
23 2
21 3
21 1
21 4
21 3
21 4
21 1
21 1
20 1
20 4
20 2
20 2
20 1
20 2
