250
1500 16
100 3
100 3
100 1
100 4
100 3
99 1
99 2
99 2
99 1
99 1
98 3
97 2
97 1
97 4
97 2
97 4
97 4
96 4
96 3
96 4
95 3
95 3
95 1
95 3
95 1
94 4
94 3
93 1
93 2
93 3
93 1
92 2
92 4
92 2
91 3
91 3
90 3
90 4
90 1
90 4
89 4
88 3
88 4
88 4
88 3
88 1
87 4
87 3
87 4
86 4
86 4
86 4
86 2
86 3
86 1
85 1
85 4
85 4
85 2
85 1
84 2
84 4
84 1
84 4
84 4
84 1
83 2
83 2
82 4
81 4
80 1
79 2
79 2
79 1
78 2
78 3
77 3
77 2
77 1
77 4
77 4
76 3
76 2
75 4
75 3
74 3
74 2
73 1
73 4
72 3
72 1
72 2
71 4
70 4
70 4
70 3
69 2
69 2
69 3
69 2
69 2
68 4
68 1
67 1
67 1
67 1
66 4
66 4
65 2
65 3
65 4
65 1
64 4
63 1
63 4
62 3
62 2
62 4
62 2
62 4
62 1
61 3
61 2
60 2
60 1
60 2
59 3
59 2
59 1
59 4
58 4
58 3
58 1
58 4
57 2
56 2
55 2
54 1
54 4
54 1
54 3
53 2
52 4
51 4
51 3
50 1
50 3
50 4
50 4
50 2
50 4
50 3
49 1
49 4
49 1
49 3
48 4
48 2
48 1
47 2
46 3
46 4
46 2
46 3
45 2
44 1
44 4
44 4
44 4
43 3
43 4
43 2
43 2
43 3
42 3
42 3
41 3
41 1
41 2
41 1
40 1
40 4
39 1
39 2
39 4
39 1
39 4
38 4
38 4
38 4
37 2
37 1
36 4
36 2
35 3
35 3
35 4
35 3
35 3
34 1
34 4
34 1
34 1
33 4
33 3
33 4
32 1
32 2
32 3
32 3
32 4
31 1
31 4
31 3
31 1
30 2
29 2
29 4
28 4
28 2
28 3
28 4
27 2
27 4
27 3
27 3
27 1
26 1
26 3
26 1
26 1
25 4
24 2
24 1
24 2
24 1
24 4
24 1
23 3
23 4
23 2
22 4
22 2
21 4
21 2
21 2
21 1
21 2
21 3
21 1
