250
1500 16
100 2
100 1
99 2
99 2
99 4
99 3
99 3
99 4
98 3
98 1
98 2
98 1
98 2
97 3
97 1
97 1
97 3
97 1
96 2
95 1
94 4
94 4
93 3
93 3
92 3
91 3
91 2
91 4
91 4
91 1
91 2
90 1
90 1
90 3
90 1
89 4
89 3
89 2
88 3
88 3
87 2
87 1
87 4
86 1
86 3
85 1
84 4
84 2
84 3
84 1
83 3
83 1
83 4
82 3
82 3
82 2
81 3
81 4
81 2
80 1
80 2
80 2
79 2
79 3
79 1
79 2
79 2
79 4
78 2
78 4
78 1
78 3
78 2
78 4
78 1
78 4
78 1
78 4
78 4
77 4
77 4
77 2
77 4
76 2
76 3
75 1
75 4
73 1
72 2
72 2
71 3
71 1
70 2
69 4
69 4
69 4
69 4
68 3
67 2
67 2
67 3
66 4
66 3
66 4
66 3
66 2
65 4
65 4
65 2
64 2
64 4
64 1
64 2
63 2
63 4
63 1
63 2
63 1
62 2
62 3
62 1
61 3
61 4
61 3
60 4
60 2
60 1
59 1
59 3
59 1
59 4
58 1
58 1
58 3
57 4
57 3
57 1
57 1
57 2
56 4
56 1
56 3
56 3
55 2
55 2
54 4
54 1
54 4
54 3
54 4
54 4
52 2
52 2
52 4
52 4
52 2
52 1
52 3
51 2
51 1
51 1
50 1
50 4
50 3
50 2
49 1
49 2
49 2
48 1
48 2
47 1
46 4
45 3
45 3
45 4
45 2
45 1
44 2
43 1
43 1
42 1
42 1
41 2
41 1
41 4
41 4
40 2
40 2
39 3
38 3
38 3
38 4
38 4
38 1
37 4
37 3
37 4
37 3
37 1
36 4
36 1
36 2
36 1
35 2
35 2
35 4
35 1
35 1
35 2
35 2
34 1
33 3
33 3
32 2
32 2
31 3
30 4
30 3
30 4
30 3
29 2
29 2
28 1
28 1
28 1
28 4
28 1
27 1
27 2
27 2
27 2
26 1
26 3
26 3
26 2
26 4
24 2
24 3
24 3
23 4
23 3
23 3
23 4
22 2
22 3
22 2
21 2
21 2
21 3
20 4
