250
1500 16
100 4
100 4
100 1
100 3
99 3
99 2
99 3
98 1
98 2
97 2
97 1
97 2
96 4
96 2
96 1
96 3
95 1
95 1
95 1
95 1
93 1
93 1
93 3
92 2
92 3
91 4
91 3
91 3
91 3
91 4
90 3
90 3
90 1
90 1
90 2
89 1
88 2
88 4
88 1
87 4
87 2
86 4
86 4
85 2
84 3
84 3
84 2
84 4
84 2
84 3
84 2
84 1
83 4
82 1
82 1
82 3
82 2
81 2
81 1
81 3
81 3
81 4
81 4
80 3
79 4
79 3
78 2
78 3
78 1
78 1
78 2
77 3
77 1
77 2
76 3
76 1
76 4
76 3
76 3
74 3
74 3
74 1
74 2
74 1
74 3
74 1
73 3
73 4
73 3
73 4
72 1
72 3
72 2
72 3
71 3
71 4
71 1
71 1
71 1
70 1
69 1
69 1
69 1
69 3
68 1
68 2
68 4
66 3
66 3
66 1
66 3
66 2
66 1
65 3
65 2
65 2
64 4
64 1
63 4
63 3
63 3
62 3
62 2
62 1
61 1
61 3
61 2
61 2
61 2
60 2
60 3
60 4
59 3
59 4
59 1
58 2
57 2
57 3
56 2
56 2
56 2
55 2
55 3
55 1
55 1
54 2
54 2
54 2
53 4
53 1
53 1
53 4
52 4
52 3
52 2
51 4
51 3
51 2
51 3
51 4
50 3
50 2
50 1
50 4
49 3
49 3
48 1
48 2
47 2
47 1
47 4
47 2
46 3
46 3
45 1
45 2
45 1
45 2
44 1
44 1
44 4
43 2
43 3
42 1
42 4
42 1
41 1
41 2
41 1
40 2
40 3
40 1
39 1
39 1
39 1
39 1
39 2
38 2
38 4
38 4
38 2
37 1
36 1
35 4
35 3
34 4
34 2
33 3
33 4
33 4
33 3
32 3
32 3
32 4
32 3
31 4
31 4
31 1
30 1
30 2
29 3
29 4
29 1
28 4
28 4
28 2
28 2
27 2
27 1
27 4
26 3
26 3
25 3
25 3
24 3
24 4
23 1
22 4
22 4
22 4
22 4
22 4
22 1
22 2
22 1
21 4
20 4
20 4
20 4
20 4
