250
1500 16
100 4
100 4
100 2
100 3
100 3
100 2
99 1
99 3
99 2
99 1
99 3
99 3
99 3
99 4
98 3
98 1
98 4
97 1
97 4
97 2
96 2
96 1
96 3
95 4
94 2
94 4
94 1
93 4
93 3
93 1
93 2
93 3
93 4
92 1
91 4
91 4
91 3
90 3
90 3
90 1
90 3
90 2
89 1
89 3
89 2
89 3
89 2
88 3
88 4
88 2
87 2
87 1
86 1
86 3
86 4
85 4
85 4
85 4
84 4
84 1
84 4
84 1
83 1
83 1
83 4
83 2
82 3
82 4
82 1
81 1
81 3
80 3
80 4
80 3
78 4
78 1
78 2
78 1
78 3
77 3
77 2
76 4
76 1
76 2
76 1
75 4
75 1
75 2
75 4
74 3
74 4
74 4
73 2
73 3
73 2
73 3
72 3
71 1
71 1
71 2
71 4
70 3
70 4
69 2
69 3
69 4
69 1
68 3
68 1
68 2
67 2
65 2
65 4
64 2
64 4
64 3
64 1
64 3
64 2
64 1
63 1
63 3
63 1
63 1
62 3
61 1
61 4
61 1
61 1
61 2
61 2
61 4
61 2
60 3
60 1
59 1
59 4
58 2
58 1
58 1
58 3
57 2
56 3
56 3
56 2
55 4
55 4
55 4
54 3
54 2
54 3
54 2
53 4
53 2
52 2
51 1
50 1
49 2
49 1
49 3
48 2
48 4
48 1
47 3
47 2
47 1
46 4
46 3
46 2
46 3
45 4
45 2
45 1
44 3
44 2
44 3
44 3
44 3
43 3
43 4
43 1
42 4
42 2
42 2
41 3
41 1
41 3
41 4
40 4
40 2
39 1
39 2
39 4
38 2
38 3
38 3
38 1
38 4
37 3
37 1
36 4
36 3
36 4
36 3
35 4
35 2
35 2
34 3
34 4
34 3
34 1
33 1
33 2
32 2
32 2
31 1
31 4
31 1
31 2
30 3
30 2
30 1
30 4
30 3
28 2
28 4
28 2
28 3
27 2
27 1
27 4
27 1
25 4
25 3
24 3
24 1
24 3
24 3
24 2
23 3
23 2
23 2
23 4
23 1
22 3
22 4
21 1
21 1
20 4
20 1
