500
1500 16
100 1
100 2
100 2
99 4
99 1
99 1
99 1
99 2
99 4
99 2
98 4
98 2
98 3
98 1
98 2
98 2
98 4
98 4
98 2
98 4
97 2
97 4
96 4
96 3
96 3
96 3
96 3
96 3
96 2
96 3
96 2
95 4
95 3
95 3
95 4
95 1
94 4
94 1
94 1
94 2
94 4
94 4
94 2
93 4
93 3
93 4
93 4
93 4
92 3
92 4
92 3
92 4
92 3
91 2
91 3
91 1
91 4
91 1
91 4
91 1
91 4
91 4
90 3
90 3
90 2
90 3
90 2
90 3
89 4
89 3
89 2
89 3
89 4
88 2
88 2
88 2
88 2
87 4
87 4
87 4
87 3
87 2
87 3
86 1
86 2
86 3
86 4
86 4
85 2
85 3
85 1
85 2
85 1
85 1
85 2
85 1
85 4
84 1
84 1
84 1
84 2
83 1
83 1
83 4
83 3
83 4
83 2
83 1
83 4
82 4
82 1
82 2
82 3
82 1
82 1
82 4
82 1
82 4
82 2
82 2
81 1
81 3
81 1
80 3
80 4
80 3
80 3
80 1
80 4
79 2
79 4
79 3
79 4
79 2
78 4
78 3
78 1
78 1
78 2
78 4
77 4
77 1
77 3
77 2
77 4
77 1
77 4
77 4
77 2
76 2
76 4
75 2
75 1
74 3
74 3
74 2
74 3
74 2
74 4
74 4
74 1
73 4
73 4
73 3
73 2
73 1
73 3
73 1
72 3
72 3
72 4
72 2
72 4
71 1
71 2
71 3
71 3
71 2
71 1
71 2
71 4
71 3
71 1
70 1
70 2
70 1
70 1
70 3
70 3
70 3
70 2
69 3
69 3
69 2
69 2
69 3
69 2
68 4
68 4
68 1
68 4
68 2
67 3
67 2
67 3
67 1
67 3
67 4
67 2
67 4
67 3
67 4
67 2
67 4
67 1
67 1
66 2
66 1
66 2
66 4
66 1
66 3
66 4
65 2
65 1
64 2
64 2
64 3
64 2
64 1
64 4
64 4
63 3
63 3
62 3
62 4
62 2
62 3
62 4
61 3
61 1
61 4
61 2
61 3
60 4
60 1
60 2
60 4
60 2
59 1
59 1
59 4
59 4
59 1
58 4
58 4
58 1
57 4
57 4
57 3
57 3
57 4
57 3
57 1
57 4
57 2
57 4
57 4
57 3
57 2
56 2
56 2
56 1
56 3
55 4
55 4
54 4
54 2
54 4
54 2
54 3
54 2
54 4
54 1
53 1
53 3
53 3
53 3
53 4
52 1
52 3
52 4
52 1
52 3
52 3
52 2
52 2
51 1
51 1
51 2
51 2
50 1
50 1
49 3
49 3
49 1
49 1
49 1
49 1
49 4
48 2
48 2
48 2
48 3
48 4
48 1
48 3
48 3
47 3
47 1
47 2
46 2
46 4
46 2
46 1
45 1
45 2
45 2
44 4
44 3
44 1
44 2
44 1
44 3
44 3
44 2
44 1
43 1
43 2
43 3
43 3
43 3
43 4
43 3
42 1
42 4
42 3
42 2
42 3
42 4
41 1
41 1
41 4
41 3
40 2
40 1
40 1
40 3
40 4
40 2
40 2
40 3
40 1
40 1
39 3
39 4
39 1
39 3
39 1
39 3
39 1
38 4
38 2
38 1
38 3
38 1
38 3
37 4
37 2
37 2
37 1
37 4
37 1
37 3
37 3
36 2
36 1
36 2
36 1
36 4
36 2
36 4
36 1
36 2
35 1
35 2
35 1
35 4
35 3
34 1
34 3
34 2
34 3
34 4
34 2
34 4
33 1
33 3
33 4
33 2
33 4
32 1
32 2
32 2
32 1
32 3
32 2
31 3
31 3
31 3
31 3
31 1
31 3
31 3
31 4
30 4
30 4
30 3
30 3
30 4
29 2
29 2
29 3
29 2
29 2
29 1
28 3
28 1
28 4
28 3
28 1
28 2
28 1
28 3
27 3
27 1
27 1
27 4
27 2
27 1
27 1
26 3
26 3
26 3
25 3
25 1
25 3
25 1
25 2
25 2
25 3
25 4
25 4
25 3
25 4
25 4
24 3
24 2
24 1
24 1
24 3
24 3
23 2
23 1
23 1
23 2
23 1
23 3
23 4
23 4
23 2
22 3
22 3
22 2
22 3
21 1
21 4
21 1
21 4
21 2
21 3
21 1
21 1
21 1
20 1
20 2
20 3
20 4
20 1
20 3
