500
1500 16
100 4
100 2
100 3
100 4
100 2
100 1
100 1
100 1
100 4
100 4
100 3
100 4
100 1
100 1
99 1
99 3
99 2
99 2
98 2
98 2
98 4
98 1
98 3
98 2
98 1
97 4
97 4
97 1
97 2
97 1
97 3
97 2
97 4
97 4
96 3
96 4
96 1
96 3
96 2
96 4
96 3
96 1
96 3
96 3
96 2
95 2
95 2
95 3
95 4
95 1
95 4
95 3
95 2
95 4
95 3
94 4
94 2
93 4
93 3
93 3
93 3
93 3
93 1
93 1
93 1
92 4
92 4
92 3
92 3
92 1
92 3
91 4
91 3
91 3
91 2
90 4
90 2
90 1
90 1
90 4
89 1
89 1
89 1
89 3
88 3
88 3
88 3
88 2
88 3
87 2
87 4
87 1
87 4
87 3
86 4
86 2
86 2
86 1
86 4
86 2
85 2
85 2
85 4
85 2
85 4
85 1
84 1
84 2
84 1
83 4
83 1
83 2
83 4
83 1
83 3
83 3
82 3
82 3
82 4
82 2
82 3
81 1
81 1
81 3
81 1
81 3
81 2
81 1
80 4
80 2
80 1
80 3
79 4
79 4
79 3
79 4
79 3
78 1
78 4
78 4
78 2
78 3
78 3
78 1
78 4
77 2
77 1
77 3
77 3
77 4
77 2
76 1
76 4
76 3
76 4
76 2
76 2
76 1
76 3
76 4
75 3
75 1
75 2
75 1
75 4
75 4
75 1
75 1
74 3
74 1
74 4
74 4
74 2
74 3
74 2
74 4
74 2
74 2
73 4
73 1
73 1
73 4
73 1
73 1
73 1
73 4
72 1
72 3
72 2
72 2
71 3
71 2
71 4
71 2
71 1
71 2
71 3
71 2
71 3
70 4
70 3
70 4
70 4
70 1
69 1
69 4
69 3
69 3
69 1
69 3
69 4
69 2
69 4
69 2
68 1
68 4
68 3
68 1
67 2
67 3
67 4
67 3
66 2
66 4
66 2
66 3
65 1
65 1
65 3
64 4
64 2
64 3
64 3
64 4
64 3
63 2
63 3
63 3
62 3
62 4
62 4
62 2
62 3
62 3
62 2
62 4
62 3
62 4
61 3
61 1
61 3
61 1
61 4
61 2
61 2
60 4
60 1
60 3
60 1
60 2
59 4
59 3
59 2
59 1
59 2
58 4
58 2
58 3
58 3
58 3
57 4
57 1
57 1
57 2
56 1
56 2
56 1
56 2
56 1
56 4
56 4
56 4
56 4
56 4
55 4
55 3
55 3
55 3
55 3
54 4
54 4
54 4
53 1
53 4
52 4
52 1
52 3
52 1
52 2
52 3
52 2
52 2
52 4
52 2
52 4
52 2
51 4
51 4
51 1
51 1
51 1
51 4
50 2
50 3
50 1
49 2
49 4
49 3
49 3
49 2
49 4
49 1
49 1
49 2
48 4
48 3
48 3
48 1
48 3
48 2
48 4
48 3
47 3
47 2
47 3
47 3
47 3
47 2
47 1
47 2
47 3
47 3
47 2
46 4
46 4
46 3
46 2
46 3
45 4
45 1
45 4
45 1
45 3
45 1
45 2
45 3
44 2
44 3
44 4
44 3
44 1
44 3
44 4
44 4
44 1
43 3
43 2
43 4
42 1
42 1
42 4
42 1
42 3
41 2
41 4
41 3
41 1
41 3
41 2
40 1
40 4
40 1
40 4
39 1
39 4
39 3
39 4
39 4
38 4
38 2
38 2
38 4
38 4
38 1
37 4
37 3
36 4
36 1
36 1
36 2
36 4
36 1
36 2
35 3
35 2
35 1
35 2
35 4
35 4
34 1
34 4
34 4
34 4
34 4
34 1
34 1
34 4
33 4
33 3
33 1
33 3
32 1
32 2
32 3
32 1
32 4
31 3
31 1
31 1
31 3
31 3
31 3
30 1
30 4
30 2
30 1
30 2
30 1
29 2
29 1
29 3
28 1
28 2
28 2
27 4
27 2
27 2
27 3
27 3
27 1
27 2
27 1
26 2
26 2
26 3
26 1
26 2
26 4
26 3
25 2
25 2
25 1
25 3
25 1
25 4
25 3
24 3
24 1
24 1
24 4
24 4
23 2
23 1
23 4
23 1
22 1
22 1
22 3
22 1
22 4
21 3
21 1
21 1
21 2
21 4
21 4
21 4
21 1
21 2
20 2
20 4
20 2
20 2
20 4
20 3
20 1
20 4
20 3
20 4
20 4
