12
60
1 0 2 1 2 0 0 0 1 2 1 0 2 2 0 0 0 0 0 1 1 0 0 2 2 0 0 1 2 2 2 0 1 1 2 1 0 1 2 2 1 2 0 1 1 2 2 1 1 2 2 1 0 0 0 1 1 1 2 1
17 21 68 0 59 39 97 65 53 2 42 76 99 10 79 21 56 10 32 29 62 60 58 50 35 94 8 88 96 72 63 25 63 33 46 32 3 54 39 71 4 73 98 75 71 25 63 11 29 56 95 46 92 2 45 8 87 41 90 33
30
1 2 1 2 2 1 2 2 1 2 1 2 2 1 2 1 2 2 1 1 1 1 1 1 2 2 2 1 1 1 2 1 1 1 1 2 1 2 2 1 2 1 1 1 2 2 2 1 2 1 2 2 2 2 1 2 2 1 1 2
1 5 4 4 2 3 4 3 4 4 2 3 4 2 2 1 4 4 1 4 3 1 1 3 3 4 3 2 4 3 5 4 1 3 1 3 1 4 2 1 5 2 4 4 3 4 4 3 3 4 4 5 2 2 4 2 5 2 2 5
87 60 416 204 293 60 60 60 200 387 74 60 94 91 60 60 60 60 60 191 115 60 60 119 381 60 60 105 325 75 139 60 84 177 193 175 60 140 239 408 132 273 60 108 218 214 363 171 62 143 387 186 60 60 60 227 78 209 317 85 
62 43 295 145 208 43 43 43 142 274 53 43 67 65 43 43 43 43 43 136 82 43 43 85 270 43 43 75 230 54 99 43 60 126 137 124 43 99 169 289 94 194 43 77 155 152 257 121 44 102 274 132 43 43 43 161 56 148 225 61 
51 35 241 118 170 35 35 35 116 224 43 35 55 53 35 35 35 35 35 111 67 35 35 69 220 35 35 61 188 44 81 35 49 103 112 102 35 81 138 236 77 158 35 63 126 124 210 99 36 83 224 108 35 35 35 132 46 121 184 50 
44 30 208 102 147 30 30 30 100 194 37 30 47 46 30 30 30 30 30 96 58 30 30 60 191 30 30 53 163 38 70 30 42 89 97 88 30 70 120 204 66 137 30 54 109 107 182 86 31 72 194 93 30 30 30 114 39 105 159 43 
39 27 187 92 132 27 27 27 90 174 34 27 43 41 27 27 27 27 27 86 52 27 27 54 171 27 27 47 146 34 63 27 38 80 87 79 27 63 107 183 60 123 27 49 98 96 163 77 28 64 174 84 27 27 27 102 35 94 142 39  
0 80 70 80 40 0 29 8 55 16 27 40 9 34 60 9 46 74 67 13 39 7 38 52 63 54 74 76 21 45 22 33 11 87 12 32 5 31 65 9 17 9 66 18 64 56 13 3 20 5 4 80 37 71 16 4 79 62 12 52
80 0 10 0 40 80 51 72 25 64 53 40 71 46 20 89 34 6 13 93 41 73 42 28 17 26 6 4 59 35 58 47 91 7 68 48 75 49 15 71 63 89 14 62 16 24 93 77 60 75 84 0 43 9 64 76 1 18 68 28
70 10 0 10 30 70 41 62 15 54 43 30 61 36 10 79 24 4 3 83 31 63 32 18 7 16 4 6 49 25 48 37 81 17 58 38 65 39 5 61 53 79 4 52 6 14 83 67 50 65 74 10 33 1 54 66 9 8 58 18
80 0 10 0 40 80 51 72 25 64 53 40 71 46 20 89 34 6 13 93 41 73 42 28 17 26 6 4 59 35 58 47 91 7 68 48 75 49 15 71 63 89 14 62 16 24 93 77 60 75 84 0 43 9 64 76 1 18 68 28
40 40 30 40 0 40 11 32 15 24 13 0 31 6 20 49 6 34 27 53 1 33 2 12 23 14 34 36 19 5 18 7 51 47 28 8 35 9 25 31 23 49 26 22 24 16 53 37 20 35 44 40 3 31 24 36 39 22 28 12
0 80 70 80 40 0 29 8 55 16 27 40 9 34 60 9 46 74 67 13 39 7 38 52 63 54 74 76 21 45 22 33 11 87 12 32 5 31 65 9 17 9 66 18 64 56 13 3 20 5 4 80 37 71 16 4 79 62 12 52
29 51 41 51 11 29 0 21 26 13 2 11 20 5 31 38 17 45 38 42 10 22 9 23 34 25 45 47 8 16 7 4 40 58 17 3 24 2 36 20 12 38 37 11 35 27 42 26 9 24 33 51 8 42 13 25 50 33 17 23
8 72 62 72 32 8 21 0 47 8 19 32 1 26 52 17 38 66 59 21 31 1 30 44 55 46 66 68 13 37 14 25 19 79 4 24 3 23 57 1 9 17 58 10 56 48 21 5 12 3 12 72 29 63 8 4 71 54 4 44
55 25 15 25 15 55 26 47 0 39 28 15 46 21 5 64 9 19 12 68 16 48 17 3 8 1 19 21 34 10 33 22 66 32 43 23 50 24 10 46 38 64 11 37 9 1 68 52 35 50 59 25 18 16 39 51 24 7 43 3
16 64 54 64 24 16 13 8 39 0 11 24 7 18 44 25 30 58 51 29 23 9 22 36 47 38 58 60 5 29 6 17 27 71 4 16 11 15 49 7 1 25 50 2 48 40 29 13 4 11 20 64 21 55 0 12 63 46 4 36
27 53 43 53 13 27 2 19 28 11 0 13 18 7 33 36 19 47 40 40 12 20 11 25 36 27 47 49 6 18 5 6 38 60 15 5 22 4 38 18 10 36 39 9 37 29 40 24 7 22 31 53 10 44 11 23 52 35 15 25
40 40 30 40 0 40 11 32 15 24 13 0 31 6 20 49 6 34 27 53 1 33 2 12 23 14 34 36 19 5 18 7 51 47 28 8 35 9 25 31 23 49 26 22 24 16 53 37 20 35 44 40 3 31 24 36 39 22 28 12
9 71 61 71 31 9 20 1 46 7 18 31 0 25 51 18 37 65 58 22 30 2 29 43 54 45 65 67 12 36 13 24 20 78 3 23 4 22 56 0 8 18 57 9 55 47 22 6 11 4 13 71 28 62 7 5 70 53 3 43
34 46 36 46 6 34 5 26 21 18 7 6 25 0 26 43 12 40 33 47 5 27 4 18 29 20 40 42 13 11 12 1 45 53 22 2 29 3 31 25 17 43 32 16 30 22 47 31 14 29 38 46 3 37 18 30 45 28 22 18
60 20 10 20 20 60 31 52 5 44 33 20 51 26 0 69 14 14 7 73 21 53 22 8 3 6 14 16 39 15 38 27 71 27 48 28 55 29 5 51 43 69 6 42 4 4 73 57 40 55 64 20 23 11 44 56 19 2 48 8
9 89 79 89 49 9 38 17 64 25 36 49 18 43 69 0 55 83 76 4 48 16 47 61 72 63 83 85 30 54 31 42 2 96 21 41 14 40 74 18 26 0 75 27 73 65 4 12 29 14 5 89 46 80 25 13 88 71 21 61
46 34 24 34 6 46 17 38 9 30 19 6 37 12 14 55 0 28 21 59 7 39 8 6 17 8 28 30 25 1 24 13 57 41 34 14 41 15 19 37 29 55 20 28 18 10 59 43 26 41 50 34 9 25 30 42 33 16 34 6
74 6 4 6 34 74 45 66 19 58 47 34 65 40 14 83 28 0 7 87 35 67 36 22 11 20 0 2 53 29 52 41 85 13 62 42 69 43 9 65 57 83 8 56 10 18 87 71 54 69 78 6 37 3 58 70 5 12 62 22
67 13 3 13 27 67 38 59 12 51 40 27 58 33 7 76 21 7 0 80 28 60 29 15 4 13 7 9 46 22 45 34 78 20 55 35 62 36 2 58 50 76 1 49 3 11 80 64 47 62 71 13 30 4 51 63 12 5 55 15
13 93 83 93 53 13 42 21 68 29 40 53 22 47 73 4 59 87 80 0 52 20 51 65 76 67 87 89 34 58 35 46 2 100 25 45 18 44 78 22 30 4 79 31 77 69 0 16 33 18 9 93 50 84 29 17 92 75 25 65
39 41 31 41 1 39 10 31 16 23 12 1 30 5 21 48 7 35 28 52 0 32 1 13 24 15 35 37 18 6 17 6 50 48 27 7 34 8 26 30 22 48 27 21 25 17 52 36 19 34 43 41 2 32 23 35 40 23 27 13
7 73 63 73 33 7 22 1 48 9 20 33 2 27 53 16 39 67 60 20 32 0 31 45 56 47 67 69 14 38 15 26 18 80 5 25 2 24 58 2 10 16 59 11 57 49 20 4 13 2 11 73 30 64 9 3 72 55 5 45
38 42 32 42 2 38 9 30 17 22 11 2 29 4 22 47 8 36 29 51 1 31 0 14 25 16 36 38 17 7 16 5 49 49 26 6 33 7 27 29 21 47 28 20 26 18 51 35 18 33 42 42 1 33 22 34 41 24 26 14
52 28 18 28 12 52 23 44 3 36 25 12 43 18 8 61 6 22 15 65 13 45 14 0 11 2 22 24 31 7 30 19 63 35 40 20 47 21 13 43 35 61 14 34 12 4 65 49 32 47 56 28 15 19 36 48 27 10 40 0
63 17 7 17 23 63 34 55 8 47 36 23 54 29 3 72 17 11 4 76 24 56 25 11 0 9 11 13 42 18 41 30 74 24 51 31 58 32 2 54 46 72 3 45 1 7 76 60 43 58 67 17 26 8 47 59 16 1 51 11
54 26 16 26 14 54 25 46 1 38 27 14 45 20 6 63 8 20 13 67 15 47 16 2 9 0 20 22 33 9 32 21 65 33 42 22 49 23 11 45 37 63 12 36 10 2 67 51 34 49 58 26 17 17 38 50 25 8 42 2
74 6 4 6 34 74 45 66 19 58 47 34 65 40 14 83 28 0 7 87 35 67 36 22 11 20 0 2 53 29 52 41 85 13 62 42 69 43 9 65 57 83 8 56 10 18 87 71 54 69 78 6 37 3 58 70 5 12 62 22
76 4 6 4 36 76 47 68 21 60 49 36 67 42 16 85 30 2 9 89 37 69 38 24 13 22 2 0 55 31 54 43 87 11 64 44 71 45 11 67 59 85 10 58 12 20 89 73 56 71 80 4 39 5 60 72 3 14 64 24
21 59 49 59 19 21 8 13 34 5 6 19 12 13 39 30 25 53 46 34 18 14 17 31 42 33 53 55 0 24 1 12 32 66 9 11 16 10 44 12 4 30 45 3 43 35 34 18 1 16 25 59 16 50 5 17 58 41 9 31
45 35 25 35 5 45 16 37 10 29 18 5 36 11 15 54 1 29 22 58 6 38 7 7 18 9 29 31 24 0 23 12 56 42 33 13 40 14 20 36 28 54 21 27 19 11 58 42 25 40 49 35 8 26 29 41 34 17 33 7
22 58 48 58 18 22 7 14 33 6 5 18 13 12 38 31 24 52 45 35 17 15 16 30 41 32 52 54 1 23 0 11 33 65 10 10 17 9 43 13 5 31 44 4 42 34 35 19 2 17 26 58 15 49 6 18 57 40 10 30
33 47 37 47 7 33 4 25 22 17 6 7 24 1 27 42 13 41 34 46 6 26 5 19 30 21 41 43 12 12 11 0 44 54 21 1 28 2 32 24 16 42 33 15 31 23 46 30 13 28 37 47 4 38 17 29 46 29 21 19
11 91 81 91 51 11 40 19 66 27 38 51 20 45 71 2 57 85 78 2 50 18 49 63 74 65 85 87 32 56 33 44 0 98 23 43 16 42 76 20 28 2 77 29 75 67 2 14 31 16 7 91 48 82 27 15 90 73 23 63
87 7 17 7 47 87 58 79 32 71 60 47 78 53 27 96 41 13 20 100 48 80 49 35 24 33 13 11 66 42 65 54 98 0 75 55 82 56 22 78 70 96 21 69 23 31 100 84 67 82 91 7 50 16 71 83 8 25 75 35
12 68 58 68 28 12 17 4 43 4 15 28 3 22 48 21 34 62 55 25 27 5 26 40 51 42 62 64 9 33 10 21 23 75 0 20 7 19 53 3 5 21 54 6 52 44 25 9 8 7 16 68 25 59 4 8 67 50 0 40
32 48 38 48 8 32 3 24 23 16 5 8 23 2 28 41 14 42 35 45 7 25 6 20 31 22 42 44 11 13 10 1 43 55 20 0 27 1 33 23 15 41 34 14 32 24 45 29 12 27 36 48 5 39 16 28 47 30 20 20
5 75 65 75 35 5 24 3 50 11 22 35 4 29 55 14 41 69 62 18 34 2 33 47 58 49 69 71 16 40 17 28 16 82 7 27 0 26 60 4 12 14 61 13 59 51 18 2 15 0 9 75 32 66 11 1 74 57 7 47
31 49 39 49 9 31 2 23 24 15 4 9 22 3 29 40 15 43 36 44 8 24 7 21 32 23 43 45 10 14 9 2 42 56 19 1 26 0 34 22 14 40 35 13 33 25 44 28 11 26 35 49 6 40 15 27 48 31 19 21
65 15 5 15 25 65 36 57 10 49 38 25 56 31 5 74 19 9 2 78 26 58 27 13 2 11 9 11 44 20 43 32 76 22 53 33 60 34 0 56 48 74 1 47 1 9 78 62 45 60 69 15 28 6 49 61 14 3 53 13
9 71 61 71 31 9 20 1 46 7 18 31 0 25 51 18 37 65 58 22 30 2 29 43 54 45 65 67 12 36 13 24 20 78 3 23 4 22 56 0 8 18 57 9 55 47 22 6 11 4 13 71 28 62 7 5 70 53 3 43
17 63 53 63 23 17 12 9 38 1 10 23 8 17 43 26 29 57 50 30 22 10 21 35 46 37 57 59 4 28 5 16 28 70 5 15 12 14 48 8 0 26 49 1 47 39 30 14 3 12 21 63 20 54 1 13 62 45 5 35
9 89 79 89 49 9 38 17 64 25 36 49 18 43 69 0 55 83 76 4 48 16 47 61 72 63 83 85 30 54 31 42 2 96 21 41 14 40 74 18 26 0 75 27 73 65 4 12 29 14 5 89 46 80 25 13 88 71 21 61
66 14 4 14 26 66 37 58 11 50 39 26 57 32 6 75 20 8 1 79 27 59 28 14 3 12 8 10 45 21 44 33 77 21 54 34 61 35 1 57 49 75 0 48 2 10 79 63 46 61 70 14 29 5 50 62 13 4 54 14
18 62 52 62 22 18 11 10 37 2 9 22 9 16 42 27 28 56 49 31 21 11 20 34 45 36 56 58 3 27 4 15 29 69 6 14 13 13 47 9 1 27 48 0 46 38 31 15 2 13 22 62 19 53 2 14 61 44 6 34
64 16 6 16 24 64 35 56 9 48 37 24 55 30 4 73 18 10 3 77 25 57 26 12 1 10 10 12 43 19 42 31 75 23 52 32 59 33 1 55 47 73 2 46 0 8 77 61 44 59 68 16 27 7 48 60 15 2 52 12
56 24 14 24 16 56 27 48 1 40 29 16 47 22 4 65 10 18 11 69 17 49 18 4 7 2 18 20 35 11 34 23 67 31 44 24 51 25 9 47 39 65 10 38 8 0 69 53 36 51 60 24 19 15 40 52 23 6 44 4
13 93 83 93 53 13 42 21 68 29 40 53 22 47 73 4 59 87 80 0 52 20 51 65 76 67 87 89 34 58 35 46 2 100 25 45 18 44 78 22 30 4 79 31 77 69 0 16 33 18 9 93 50 84 29 17 92 75 25 65
3 77 67 77 37 3 26 5 52 13 24 37 6 31 57 12 43 71 64 16 36 4 35 49 60 51 71 73 18 42 19 30 14 84 9 29 2 28 62 6 14 12 63 15 61 53 16 0 17 2 7 77 34 68 13 1 76 59 9 49
20 60 50 60 20 20 9 12 35 4 7 20 11 14 40 29 26 54 47 33 19 13 18 32 43 34 54 56 1 25 2 13 31 67 8 12 15 11 45 11 3 29 46 2 44 36 33 17 0 15 24 60 17 51 4 16 59 42 8 32
5 75 65 75 35 5 24 3 50 11 22 35 4 29 55 14 41 69 62 18 34 2 33 47 58 49 69 71 16 40 17 28 16 82 7 27 0 26 60 4 12 14 61 13 59 51 18 2 15 0 9 75 32 66 11 1 74 57 7 47
4 84 74 84 44 4 33 12 59 20 31 44 13 38 64 5 50 78 71 9 43 11 42 56 67 58 78 80 25 49 26 37 7 91 16 36 9 35 69 13 21 5 70 22 68 60 9 7 24 9 0 84 41 75 20 8 83 66 16 56
80 0 10 0 40 80 51 72 25 64 53 40 71 46 20 89 34 6 13 93 41 73 42 28 17 26 6 4 59 35 58 47 91 7 68 48 75 49 15 71 63 89 14 62 16 24 93 77 60 75 84 0 43 9 64 76 1 18 68 28
37 43 33 43 3 37 8 29 18 21 10 3 28 3 23 46 9 37 30 50 2 30 1 15 26 17 37 39 16 8 15 4 48 50 25 5 32 6 28 28 20 46 29 19 27 19 50 34 17 32 41 43 0 34 21 33 42 25 25 15
71 9 1 9 31 71 42 63 16 55 44 31 62 37 11 80 25 3 4 84 32 64 33 19 8 17 3 5 50 26 49 38 82 16 59 39 66 40 6 62 54 80 5 53 7 15 84 68 51 66 75 9 34 0 55 67 8 9 59 19
16 64 54 64 24 16 13 8 39 0 11 24 7 18 44 25 30 58 51 29 23 9 22 36 47 38 58 60 5 29 6 17 27 71 4 16 11 15 49 7 1 25 50 2 48 40 29 13 4 11 20 64 21 55 0 12 63 46 4 36
4 76 66 76 36 4 25 4 51 12 23 36 5 30 56 13 42 70 63 17 35 3 34 48 59 50 70 72 17 41 18 29 15 83 8 28 1 27 61 5 13 13 62 14 60 52 17 1 16 1 8 76 33 67 12 0 75 58 8 48
79 1 9 1 39 79 50 71 24 63 52 39 70 45 19 88 33 5 12 92 40 72 41 27 16 25 5 3 58 34 57 46 90 8 67 47 74 48 14 70 62 88 13 61 15 23 92 76 59 74 83 1 42 8 63 75 0 17 67 27
62 18 8 18 22 62 33 54 7 46 35 22 53 28 2 71 16 12 5 75 23 55 24 10 1 8 12 14 41 17 40 29 73 25 50 30 57 31 3 53 45 71 4 44 2 6 75 59 42 57 66 18 25 9 46 58 17 0 50 10
12 68 58 68 28 12 17 4 43 4 15 28 3 22 48 21 34 62 55 25 27 5 26 40 51 42 62 64 9 33 10 21 23 75 0 20 7 19 53 3 5 21 54 6 52 44 25 9 8 7 16 68 25 59 4 8 67 50 0 40
52 28 18 28 12 52 23 44 3 36 25 12 43 18 8 61 6 22 15 65 13 45 14 0 11 2 22 24 31 7 30 19 63 35 40 20 47 21 13 43 35 61 14 34 12 4 65 49 32 47 56 28 15 19 36 48 27 10 40 0