40
100 100
7 35 43 0 0
4 36 38 0 0
18 25 49 0 0
2 31 39 0 0
21 29 40 0 0
12 28 39 0 0
5 20 21 0 0
16 31 47 0 0
2 39 49 0 0
8 25 45 0 0
16 36 26 0 0
8 23 53 0 0
12 34 37 0 0
20 33 38 0 0
20 31 41 0 0
12 35 38 0 0
9 26 20 0 0
9 27 37 0 0
14 39 37 0 0
7 34 46 0 0
4 32 36 0 0
16 32 62 0 0
15 39 40 0 0
11 25 73 0 0
14 32 50 0 0
10 27 48 0 0
20 29 34 0 0
15 28 23 0 0
4 33 24 0 0
3 31 39 0 0
10 33 35 0 0
9 35 24 0 0
8 26 51 0 0
8 39 48 0 0
7 36 33 0 0
15 34 55 0 0
16 26 35 0 0
11 34 55 0 0
8 21 41 0 0
5 32 51 0 0
