40
100 100
23 24 51 0 0
29 15 38 0 0
15 19 42 0 0
29 24 40 0 0
27 11 19 0 0
24 23 27 0 0
12 23 54 0 0
27 36 52 0 0
20 21 42 0 0
20 26 41 0 0
24 27 47 0 0
17 15 43 0 0
16 18 34 0 0
25 16 31 0 0
14 23 53 0 0
24 16 46 0 0
25 18 52 0 0
9 17 30 0 0
24 24 36 0 0
24 28 29 0 0
20 24 30 0 0
18 22 52 0 0
13 12 27 0 0
16 19 25 0 0
18 14 46 0 0
19 18 41 0 0
30 24 28 0 0
24 20 37 0 0
22 22 34 0 0
17 12 28 0 0
18 20 50 0 0
8 19 35 0 0
17 17 35 0 0
19 13 37 0 0
25 17 54 0 0
19 19 46 0 0
21 21 41 0 0
20 14 48 0 0
20 23 51 0 0
22 22 32 0 0
