40
100 100
31 9 19 0 0
40 4 44 0 0
35 19 59 0 0
37 8 39 0 0
36 8 35 0 0
21 3 52 0 0
35 18 43 0 0
36 5 48 0 0
22 6 46 0 0
35 9 38 0 0
28 8 37 0 0
39 16 49 0 0
30 10 37 0 0
30 7 42 0 0
30 12 36 0 0
34 12 28 0 0
32 11 29 0 0
29 0 25 0 0
27 8 41 0 0
31 6 41 0 0
24 17 35 0 0
31 7 28 0 0
26 11 41 0 0
24 15 32 0 0
30 13 37 0 0
32 5 48 0 0
31 18 32 0 0
25 4 47 0 0
35 13 22 0 0
27 9 39 0 0
32 11 34 0 0
27 6 47 0 0
27 25 29 0 0
22 12 33 0 0
31 3 45 0 0
34 18 49 0 0
28 13 30 0 0
26 8 55 0 0
28 8 55 0 0
45 18 34 0 0
