40
100 100
19 15 53 0 0
19 18 44 0 0
18 15 55 0 0
16 22 36 0 0
26 24 31 0 0
29 19 52 0 0
18 30 28 0 0
31 18 35 0 0
14 20 37 0 0
28 18 50 0 0
23 25 37 0 0
17 20 34 0 0
21 28 28 0 0
12 22 20 0 0
23 32 47 0 0
22 20 50 0 0
25 22 68 0 0
21 15 52 0 0
23 17 18 0 0
16 15 48 0 0
20 15 40 0 0
18 27 39 0 0
12 20 33 0 0
14 25 30 0 0
24 18 47 0 0
16 8 30 0 0
23 16 19 0 0
17 21 29 0 0
24 20 46 0 0
21 24 40 0 0
15 28 66 0 0
18 16 33 0 0
15 20 30 0 0
17 22 35 0 0
24 23 34 0 0
19 28 44 0 0
8 21 53 0 0
26 18 42 0 0
17 19 33 0 0
24 14 39 0 0
