40
100 100
20 9 55 0 0
22 10 13 0 0
23 22 3 0 0
15 20 19 0 0
26 13 56 0 0
24 24 36 0 0
25 22 2 0 0
7 21 93 0 0
17 24 74 0 0
7 15 26 0 0
26 22 68 0 0
22 21 51 0 0
16 22 57 0 0
20 31 44 0 0
19 25 81 0 0
3 21 97 0 0
18 15 65 0 0
21 30 26 0 0
19 24 35 0 0
28 26 62 0 0
7 28 93 0 0
22 20 5 0 0
11 13 36 0 0
16 17 4 0 0
21 15 38 0 0
21 23 28 0 0
15 19 85 0 0
21 18 79 0 0
16 23 27 0 0
6 23 94 0 0
19 17 15 0 0
18 20 82 0 0
18 26 48 0 0
23 27 6 0 0
13 19 54 0 0
23 34 0 0 0
19 25 80 0 0
17 18 56 0 0
19 13 54 0 0
2 20 98 0 0
