40
100 100
20 17 80 0 0
17 17 83 0 0
12 23 55 0 0
20 25 62 0 0
12 8 39 0 0
19 29 81 0 0
7 20 93 0 0
26 24 19 0 0
18 18 77 0 0
10 21 90 0 0
22 19 64 0 0
23 26 31 0 0
23 24 35 0 0
27 22 65 0 0
18 26 17 0 0
24 11 22 0 0
11 20 35 0 0
13 19 32 0 0
34 18 53 0 0
21 26 60 0 0
27 32 6 0 0
21 19 9 0 0
10 24 14 0 0
29 21 20 0 0
22 25 16 0 0
11 21 70 0 0
27 37 59 0 0
30 16 70 0 0
9 18 91 0 0
15 16 79 0 0
16 22 3 0 0
17 22 82 0 0
27 23 32 0 0
20 21 73 0 0
19 14 75 0 0
18 21 28 0 0
22 22 7 0 0
26 25 25 0 0
24 24 26 0 0
19 11 75 0 0
