50
100 100
34 10 30 0 0
31 9 40 0 0
35 19 26 0 0
37 6 38 0 0
34 3 34 0 0
32 4 35 0 0
25 3 56 0 0
22 22 50 0 0
33 2 21 0 0
32 12 48 0 0
33 5 53 0 0
31 10 49 0 0
28 11 43 0 0
29 6 60 0 0
23 18 33 0 0
37 12 35 0 0
32 5 33 0 0
27 12 36 0 0
34 4 39 0 0
35 14 58 0 0
25 11 45 0 0
35 19 32 0 0
30 7 52 0 0
30 6 39 0 0
34 6 40 0 0
33 18 47 0 0
38 12 33 0 0
32 11 25 0 0
21 17 37 0 0
28 6 63 0 0
32 17 35 0 0
34 13 42 0 0
36 5 44 0 0
28 6 38 0 0
36 12 34 0 0
27 18 34 0 0
28 16 35 0 0
31 11 45 0 0
30 10 30 0 0
33 5 32 0 0
26 5 38 0 0
30 11 46 0 0
29 2 55 0 0
26 2 27 0 0
33 13 37 0 0
37 10 46 0 0
30 8 45 0 0
27 9 55 0 0
30 9 54 0 0
25 7 58 0 0
