50
100 100
21 17 47 0 0
16 24 27 0 0
20 25 49 0 0
24 21 38 0 0
24 27 41 0 0
19 30 28 0 0
22 20 51 0 0
14 26 44 0 0
23 28 51 0 0
22 26 40 0 0
26 27 57 0 0
23 26 44 0 0
16 13 35 0 0
8 26 51 0 0
9 26 46 0 0
30 23 39 0 0
12 20 28 0 0
23 19 53 0 0
12 31 29 0 0
13 16 41 0 0
22 15 16 0 0
27 20 38 0 0
23 11 35 0 0
18 21 26 0 0
22 20 36 0 0
20 18 54 0 0
21 19 27 0 0
11 16 64 0 0
14 17 51 0 0
22 17 17 0 0
10 22 49 0 0
17 31 26 0 0
21 19 45 0 0
35 26 42 0 0
18 18 46 0 0
13 20 37 0 0
24 22 32 0 0
23 26 60 0 0
16 17 58 0 0
21 15 47 0 0
12 19 45 0 0
10 22 52 0 0
17 27 52 0 0
24 26 27 0 0
17 20 45 0 0
16 17 51 0 0
16 19 31 0 0
28 21 32 0 0
15 21 40 0 0
18 24 42 0 0
