50
100 100
19 17 31 0 0
24 11 62 0 0
18 27 59 0 0
20 24 29 0 0
26 19 53 0 0
9 10 30 0 0
23 21 36 0 0
13 20 41 0 0
28 21 46 0 0
17 16 25 0 0
20 12 24 0 0
23 18 48 0 0
20 22 31 0 0
23 20 23 0 0
12 18 40 0 0
30 29 52 0 0
19 17 55 0 0
17 15 46 0 0
25 18 47 0 0
21 19 43 0 0
13 26 38 0 0
24 27 40 0 0
22 30 49 0 0
21 22 30 0 0
25 27 34 0 0
26 28 38 0 0
18 19 42 0 0
27 18 51 0 0
28 24 30 0 0
8 18 44 0 0
24 19 63 0 0
21 17 50 0 0
22 25 46 0 0
25 14 40 0 0
18 15 39 0 0
27 13 22 0 0
21 18 38 0 0
24 22 46 0 0
24 17 50 0 0
18 2 36 0 0
15 19 46 0 0
12 17 42 0 0
22 23 45 0 0
16 23 51 0 0
22 16 14 0 0
21 21 36 0 0
27 26 35 0 0
25 14 29 0 0
13 19 27 0 0
30 27 37 0 0
