50
100 100
25 14 30 0 0
28 7 36 0 0
33 3 43 0 0
36 11 32 0 0
30 11 36 0 0
30 0 27 0 0
34 10 34 0 0
28 9 37 0 0
28 15 50 0 0
25 5 54 0 0
34 13 45 0 0
37 16 28 0 0
25 10 45 0 0
34 6 37 0 0
32 17 41 0 0
28 11 61 0 0
24 17 37 0 0
37 14 34 0 0
26 7 26 0 0
27 19 41 0 0
34 7 49 0 0
34 3 20 0 0
37 11 47 0 0
35 12 35 0 0
36 12 59 0 0
20 9 46 0 0
19 10 46 0 0
34 15 34 0 0
28 22 22 0 0
28 7 48 0 0
30 10 42 0 0
22 12 43 0 0
26 4 33 0 0
22 17 35 0 0
39 12 53 0 0
34 9 45 0 0
36 7 27 0 0
25 6 48 0 0
27 8 29 0 0
32 8 27 0 0
32 6 20 0 0
25 20 27 0 0
33 5 41 0 0
26 16 38 0 0
33 17 35 0 0
29 6 35 0 0
27 7 38 0 0
29 11 53 0 0
24 11 40 0 0
30 11 49 0 0
