50
100 100
13 18 39 0 0
16 20 37 0 0
18 17 72 0 0
25 12 41 0 0
14 29 49 0 0
15 17 39 0 0
15 25 47 0 0
29 20 30 0 0
29 18 52 0 0
24 15 30 0 0
12 25 52 0 0
13 28 33 0 0
20 12 46 0 0
16 27 40 0 0
22 17 43 0 0
17 21 36 0 0
15 24 39 0 0
20 22 40 0 0
20 17 43 0 0
29 25 41 0 0
23 24 45 0 0
15 21 20 0 0
27 29 48 0 0
16 22 33 0 0
18 20 31 0 0
30 21 44 0 0
22 15 38 0 0
21 27 43 0 0
22 22 40 0 0
16 27 36 0 0
23 21 48 0 0
14 24 39 0 0
23 21 9 0 0
13 21 38 0 0
14 29 31 0 0
14 16 29 0 0
13 24 58 0 0
25 14 35 0 0
28 30 35 0 0
19 13 44 0 0
21 19 33 0 0
18 14 28 0 0
20 17 46 0 0
21 8 23 0 0
21 18 26 0 0
22 17 44 0 0
26 19 22 0 0
19 15 32 0 0
30 11 44 0 0
16 25 38 0 0
