50
100 100
19 21 63 0 0
18 17 6 0 0
13 16 60 0 0
19 18 68 0 0
15 25 0 0 0
18 20 66 0 0
14 22 86 0 0
21 22 9 0 0
20 24 23 0 0
10 22 14 0 0
10 21 90 0 0
17 17 16 0 0
16 24 79 0 0
8 18 92 0 0
10 20 90 0 0
28 25 44 0 0
18 12 28 0 0
22 17 68 0 0
17 12 56 0 0
31 17 12 0 0
27 18 11 0 0
18 10 80 0 0
18 27 82 0 0
22 19 63 0 0
22 17 59 0 0
10 32 83 0 0
13 14 75 0 0
24 24 17 0 0
20 15 49 0 0
2 23 98 0 0
15 23 41 0 0
11 31 89 0 0
26 15 42 0 0
3 20 97 0 0
14 14 29 0 0
15 16 34 0 0
18 15 39 0 0
21 22 13 0 0
22 24 54 0 0
19 7 81 0 0
24 17 59 0 0
3 14 97 0 0
14 21 34 0 0
22 21 43 0 0
27 24 55 0 0
16 14 84 0 0
23 14 53 0 0
16 31 4 0 0
27 17 73 0 0
13 28 72 0 0
