50
1000 1000 
572 665 46 1 380380 
482 640 333 1 308480 
264 594 489 1 156816 
349 566 117 1 197534 
276 660 200 1 182160 
745 422 29 1 314390 
434 622 465 1 269948 
446 433 473 1 193118 
668 506 218 1 338008 
405 635 469 1 257175 
486 320 403 1 155520 
554 549 26 1 304146 
392 491 603 1 192472 
459 528 364 1 242352 
426 579 58 1 246654 
728 359 48 1 261352 
644 465 290 1 299460 
382 323 532 1 123386 
268 352 215 1 94336 
324 512 475 1 165888 
277 426 27 1 118002 
254 685 242 1 173990 
483 532 345 1 256956 
678 414 173 1 280692 
546 590 240 1 322140 
716 640 72 1 458240 
542 400 196 1 216800 
634 596 289 1 377864 
497 696 234 1 345912 
417 300 105 1 125100 
290 605 153 1 175450 
321 520 9 1 166920 
543 290 81 1 157470 
599 269 329 1 161131 
467 679 464 1 317093 
583 421 356 1 245443 
729 723 70 1 527067 
465 590 294 1 274350 
614 585 203 1 359190 
446 327 165 1 145842 
734 616 172 1 452144 
479 606 192 1 290274 
656 278 68 1 182368 
537 355 327 1 190635 
604 519 56 1 313476 
746 596 199 1 444616 
439 281 240 1 123359 
339 405 248 1 137295 
273 526 363 1 143598 
625 568 310 1 355000 


