50
500 500 
277 242 115 1 67034 
233 177 155 1 41241 
182 216 241 1 39312 
147 134 319 1 19698 
213 127 281 1 27051 
315 212 151 1 66780 
261 175 223 1 45675 
210 281 125 1 59010 
243 256 13 1 62208 
159 314 195 1 49926 
217 147 28 1 31899 
260 349 149 1 90740 
222 199 78 1 44178 
296 127 53 1 37592 
263 302 84 1 79426 
226 250 215 1 56500 
264 344 22 1 90816 
237 179 187 1 42423 
245 137 94 1 33565 
137 328 262 1 44936 
321 154 126 1 49434 
200 174 68 1 34800 
270 128 118 1 34560 
299 179 124 1 53521 
165 370 246 1 61050 
198 182 188 1 36036 
155 295 200 1 45725 
278 219 194 1 60882 
184 155 62 1 28520 
187 270 205 1 50490 
208 293 120 1 60944 
261 204 64 1 53244 
344 168 94 1 57792 
213 135 137 1 28755 
362 162 44 1 58644 
362 374 40 1 135388 
237 322 194 1 76314 
281 308 42 1 86548 
155 344 133 1 53320 
210 163 183 1 34230 
325 225 142 1 73125 
360 225 60 1 81000 
346 347 116 1 120062 
131 144 198 1 18864 
284 284 122 1 80656 
262 228 127 1 59736 
146 178 7 1 25988 
254 164 190 1 41656 
332 238 94 1 79016 
313 304 139 1 95152 


