50
250 250 
139 103 95 1 14317 
166 99 29 1 16434 
88 74 133 1 6512 
174 139 6 1 24186 
128 109 84 1 13952 
175 179 5 1 31325 
62 82 128 1 5084 
178 87 38 1 15486 
121 77 13 1 9317 
125 97 4 1 12125 
73 84 158 1 6132 
69 97 50 1 6693 
122 159 22 1 19398 
66 69 116 1 4554 
111 118 83 1 13098 
165 86 48 1 14190 
71 83 123 1 5893 
163 162 59 1 26406 
67 132 171 1 8844 
121 152 121 1 18392 
68 150 77 1 10200 
138 124 81 1 17112 
141 105 47 1 14805 
183 122 59 1 22326 
171 63 36 1 10773 
101 64 15 1 6464 
103 95 51 1 9785 
110 107 1 1 11770 
184 158 50 1 29072 
85 97 164 1 8245 
86 92 51 1 7912 
127 155 75 1 19685 
92 147 41 1 13524 
106 97 138 1 10282 
177 108 13 1 19116 
164 150 22 1 24600 
68 84 66 1 5712 
62 151 106 1 9362 
123 134 59 1 16482 
158 178 90 1 28124 
70 140 3 1 9800 
173 117 31 1 20241 
147 136 91 1 19992 
141 145 87 1 20445 
84 164 132 1 13776 
144 141 12 1 20304 
92 103 114 1 9476 
156 98 15 1 15288 
160 111 62 1 17760 
127 131 22 1 16637 


