32
3000 3000 
365 185 1822 1 67525 
378 200 2370 1 75600 
410 165 28 1 67650 
425 148 2057 1 62900 
425 296 655 1 125800 
439 116 1303 1 50924 
464 1006 1699 1 466784 
520 205 485 1 106600 
520 350 4 1 182000 
540 530 1800 1 286200 
549 1413 427 1 775737 
549 1882 1769 1 1033218 
553 496 1845 1 274288 
555 755 2316 1 419025 
555 496 1662 1 275280 
555 659 1210 1 365745 
567 473 2020 1 268191 
572 592 451 1 338624 
572 975 1251 1 557700 
572 1175 532 1 672100 
572 1575 132 1 900900 
572 1390 1502 1 795080 
572 1490 1408 1 852280 
572 1590 2142 1 909480 
572 1690 523 1 966680 
572 1890 2255 1 1081080 
610 625 886 1 381250 
660 490 1843 1 323400 
690 447 2105 1 308430 
949 445 290 1 422305 
949 478 234 1 453622 
970 463 751 1 449110 


