50
500 500 
277 242 199 1 67034 
233 177 121 1 41241 
182 216 317 1 39312 
147 134 92 1 19698 
213 127 35 1 27051 
315 212 68 1 66780 
261 175 6 1 45675 
210 281 220 1 59010 
243 256 142 1 62208 
159 314 194 1 49926 
217 147 184 1 31899 
260 349 220 1 90740 
222 199 106 1 44178 
296 127 103 1 37592 
263 302 33 1 79426 
226 250 234 1 56500 
264 344 180 1 90816 
237 179 28 1 42423 
245 137 227 1 33565 
137 328 182 1 44936 
321 154 73 1 49434 
200 174 109 1 34800 
270 128 79 1 34560 
299 179 17 1 53521 
165 370 18 1 61050 
198 182 209 1 36036 
155 295 232 1 45725 
278 219 108 1 60882 
184 155 197 1 28520 
187 270 23 1 50490 
208 293 213 1 60944 
261 204 169 1 53244 
344 168 26 1 57792 
213 135 122 1 28755 
362 162 89 1 58644 
362 374 7 1 135388 
237 322 16 1 76314 
281 308 76 1 86548 
155 344 118 1 53320 
210 163 79 1 34230 
325 225 52 1 73125 
360 225 126 1 81000 
346 347 75 1 120062 
131 144 0 1 18864 
284 284 19 1 80656 
262 228 80 1 59736 
146 178 54 1 25988 
254 164 128 1 41656 
332 238 23 1 79016 
313 304 179 1 95152 


