32
3000 3000 
365 185 700 1 67525 
378 200 1619 1 75600 
410 165 1914 1 67650 
425 148 1646 1 62900 
425 296 1558 1 125800 
439 116 1055 1 50924 
464 1006 2177 1 466784 
520 205 896 1 106600 
520 350 761 1 182000 
540 530 77 1 286200 
549 1413 1354 1 775737 
549 1882 1334 1 1033218 
553 496 51 1 274288 
555 755 1165 1 419025 
555 496 639 1 275280 
555 659 2187 1 365745 
567 473 705 1 268191 
572 592 399 1 338624 
572 975 1727 1 557700 
572 1175 834 1 672100 
572 1575 26 1 900900 
572 1390 1889 1 795080 
572 1490 1235 1 852280 
572 1590 1861 1 909480 
572 1690 2245 1 966680 
572 1890 1344 1 1081080 
610 625 2279 1 381250 
660 490 1111 1 323400 
690 447 1285 1 308430 
949 445 1910 1 422305 
949 478 830 1 453622 
970 463 1536 1 449110 


