30
250 250 
66 80 147 1 5280 
164 107 51 1 17548 
64 184 169 1 11776 
121 86 77 1 10406 
163 135 51 1 22005 
85 98 94 1 8330 
81 102 81 1 8262 
103 186 74 1 19158 
152 106 98 1 16112 
176 139 68 1 24464 
111 118 116 1 13098 
69 169 100 1 11661 
146 133 52 1 19418 
112 112 37 1 12544 
133 160 113 1 21280 
63 129 167 1 8127 
163 152 22 1 24776 
110 155 27 1 17050 
96 136 3 1 13056 
92 142 75 1 13064 
84 143 63 1 12012 
119 133 83 1 15827 
71 71 123 1 5041 
146 84 45 1 12264 
93 86 48 1 7998 
89 86 14 1 7654 
101 146 124 1 14746 
172 73 64 1 12556 
73 169 92 1 12337 
99 99 120 1 9801 


