50
1000 1000 
572 665 68 1 380380 
482 640 51 1 308480 
264 594 153 1 156816 
349 566 478 1 197534 
276 660 114 1 182160 
745 422 61 1 314390 
434 622 122 1 269948 
446 433 363 1 193118 
668 506 2 1 338008 
405 635 400 1 257175 
486 320 330 1 155520 
554 549 21 1 304146 
392 491 349 1 192472 
459 528 247 1 242352 
426 579 37 1 246654 
728 359 215 1 261352 
644 465 112 1 299460 
382 323 423 1 123386 
268 352 665 1 94336 
324 512 463 1 165888 
277 426 545 1 118002 
254 685 608 1 173990 
483 532 68 1 256956 
678 414 103 1 280692 
546 590 320 1 322140 
716 640 42 1 458240 
542 400 146 1 216800 
634 596 39 1 377864 
497 696 13 1 345912 
417 300 101 1 125100 
290 605 181 1 175450 
321 520 195 1 166920 
543 290 407 1 157470 
599 269 154 1 161131 
467 679 198 1 317093 
583 421 96 1 245443 
729 723 150 1 527067 
465 590 196 1 274350 
614 585 299 1 359190 
446 327 499 1 145842 
734 616 246 1 452144 
479 606 180 1 290274 
656 278 113 1 182368 
537 355 282 1 190635 
604 519 44 1 313476 
746 596 47 1 444616 
439 281 292 1 123359 
339 405 594 1 137295 
273 526 291 1 143598 
625 568 91 1 355000 


