32
3000 3000 
365 185 1545 1 67525 
378 200 1989 1 75600 
410 165 797 1 67650 
425 148 1935 1 62900 
425 296 680 1 125800 
439 116 849 1 50924 
464 1006 2457 1 466784 
520 205 1496 1 106600 
520 350 1766 1 182000 
540 530 842 1 286200 
549 1413 651 1 775737 
549 1882 928 1 1033218 
553 496 1521 1 274288 
555 755 261 1 419025 
555 496 1897 1 275280 
555 659 1183 1 365745 
567 473 102 1 268191 
572 592 276 1 338624 
572 975 1173 1 557700 
572 1175 1819 1 672100 
572 1575 1847 1 900900 
572 1390 132 1 795080 
572 1490 1465 1 852280 
572 1590 2183 1 909480 
572 1690 1331 1 966680 
572 1890 602 1 1081080 
610 625 1461 1 381250 
660 490 1978 1 323400 
690 447 212 1 308430 
949 445 504 1 422305 
949 478 131 1 453622 
970 463 287 1 449110 


