30
500 500 
348 220 15 1 76560 
255 184 51 1 46920 
191 249 62 1 47559 
212 194 135 1 41128 
348 322 116 1 112056 
171 369 11 1 63099 
206 327 11 1 67362 
221 277 149 1 61217 
250 202 238 1 50500 
205 226 285 1 46330 
193 280 4 1 54040 
364 311 36 1 113204 
264 224 30 1 59136 
244 347 206 1 84668 
270 338 177 1 91260 
224 236 226 1 52864 
168 177 131 1 29736 
285 347 7 1 98895 
315 294 52 1 92610 
247 219 136 1 54093 
315 302 36 1 95130 
129 147 27 1 18963 
268 273 56 1 73164 
350 352 47 1 123200 
186 258 54 1 47988 
365 374 128 1 136510 
145 259 84 1 37555 
284 184 51 1 52256 
129 198 211 1 25542 
146 351 222 1 51246 


