30
250 250 
66 80 92 1 5280 
164 107 3 1 17548 
64 184 45 1 11776 
121 86 97 1 10406 
163 135 63 1 22005 
85 98 74 1 8330 
81 102 68 1 8262 
103 186 128 1 19158 
152 106 57 1 16112 
176 139 69 1 24464 
111 118 63 1 13098 
69 169 15 1 11661 
146 133 61 1 19418 
112 112 60 1 12544 
133 160 95 1 21280 
63 129 33 1 8127 
163 152 79 1 24776 
110 155 93 1 17050 
96 136 72 1 13056 
92 142 77 1 13064 
84 143 49 1 12012 
119 133 74 1 15827 
71 71 177 1 5041 
146 84 87 1 12264 
93 86 93 1 7998 
89 86 130 1 7654 
101 146 74 1 14746 
172 73 6 1 12556 
73 169 61 1 12337 
99 99 137 1 9801 


