50
250 250 
139 103 32 1 14317 
166 99 11 1 16434 
88 74 36 1 6512 
174 139 3 1 24186 
128 109 102 1 13952 
175 179 15 1 31325 
62 82 106 1 5084 
178 87 7 1 15486 
121 77 59 1 9317 
125 97 120 1 12125 
73 84 135 1 6132 
69 97 121 1 6693 
122 159 126 1 19398 
66 69 176 1 4554 
111 118 60 1 13098 
165 86 41 1 14190 
71 83 44 1 5893 
163 162 21 1 26406 
67 132 148 1 8844 
121 152 122 1 18392 
68 150 57 1 10200 
138 124 5 1 17112 
141 105 97 1 14805 
183 122 9 1 22326 
171 63 77 1 10773 
101 64 36 1 6464 
103 95 76 1 9785 
110 107 138 1 11770 
184 158 22 1 29072 
85 97 66 1 8245 
86 92 11 1 7912 
127 155 33 1 19685 
92 147 46 1 13524 
106 97 6 1 10282 
177 108 26 1 19116 
164 150 9 1 24600 
68 84 13 1 5712 
62 151 104 1 9362 
123 134 91 1 16482 
158 178 9 1 28124 
70 140 13 1 9800 
173 117 67 1 20241 
147 136 99 1 19992 
141 145 62 1 20445 
84 164 163 1 13776 
144 141 82 1 20304 
92 103 126 1 9476 
156 98 64 1 15288 
160 111 56 1 17760 
127 131 5 1 16637 


