32
3000 3000 
365 185 1550 1 67525 
378 200 1942 1 75600 
410 165 526 1 67650 
425 148 664 1 62900 
425 296 2133 1 125800 
439 116 2298 1 50924 
464 1006 1981 1 466784 
520 205 1733 1 106600 
520 350 2252 1 182000 
540 530 2156 1 286200 
549 1413 2069 1 775737 
549 1882 1352 1 1033218 
553 496 901 1 274288 
555 755 1930 1 419025 
555 496 2260 1 275280 
555 659 1111 1 365745 
567 473 2265 1 268191 
572 592 1194 1 338624 
572 975 2063 1 557700 
572 1175 1268 1 672100 
572 1575 2330 1 900900 
572 1390 198 1 795080 
572 1490 2427 1 852280 
572 1590 1843 1 909480 
572 1690 560 1 966680 
572 1890 1178 1 1081080 
610 625 1749 1 381250 
660 490 899 1 323400 
690 447 1055 1 308430 
949 445 237 1 422305 
949 478 2046 1 453622 
970 463 517 1 449110 


