30
500 500 
348 220 55 1 76560 
255 184 176 1 46920 
191 249 133 1 47559 
212 194 227 1 41128 
348 322 79 1 112056 
171 369 272 1 63099 
206 327 256 1 67362 
221 277 116 1 61217 
250 202 86 1 50500 
205 226 148 1 46330 
193 280 21 1 54040 
364 311 30 1 113204 
264 224 51 1 59136 
244 347 107 1 84668 
270 338 58 1 91260 
224 236 106 1 52864 
168 177 56 1 29736 
285 347 184 1 98895 
315 294 56 1 92610 
247 219 188 1 54093 
315 302 93 1 95130 
129 147 31 1 18963 
268 273 131 1 73164 
350 352 52 1 123200 
186 258 84 1 47988 
365 374 123 1 136510 
145 259 103 1 37555 
284 184 158 1 52256 
129 198 62 1 25542 
146 351 182 1 51246 


