30
1000 1000 
541 745 316 1 403045 
344 301 325 1 103544 
413 294 83 1 121422 
266 341 385 1 90706 
543 388 256 1 210684 
367 701 473 1 257267 
526 707 461 1 371882 
286 706 120 1 201916 
614 289 251 1 177446 
348 592 367 1 206016 
673 431 189 1 290063 
475 362 205 1 171950 
562 439 104 1 246718 
530 638 391 1 338140 
609 375 37 1 228375 
540 274 419 1 147960 
486 634 259 1 308124 
272 377 302 1 102544 
623 306 182 1 190638 
266 714 498 1 189924 
341 336 629 1 114576 
340 296 653 1 100640 
531 479 374 1 254349 
571 589 281 1 336319 
674 496 170 1 334304 
560 497 156 1 278320 
509 389 393 1 198001 
650 332 5 1 215800 
474 285 161 1 135090 
419 503 353 1 210757 


