97
100 100 
8 81 82 1 953 
8 81 52 1 953 
8 81 82 1 953 
5 76 76 1 389 
5 76 10 1 389 
5 76 14 1 389 
5 76 74 1 389 
42 19 0 1 1668 
42 19 14 1 1668 
42 19 23 1 1668 
42 19 29 1 1668 
6 80 63 1 676 
6 80 89 1 676 
6 80 83 1 676 
6 80 38 1 676 
41 48 11 1 3580 
6 86 36 1 1416 
6 86 65 1 1416 
6 86 14 1 1416 
6 86 56 1 1416 
6 86 80 1 1416 
58 20 10 1 3166 
58 20 18 1 3166 
58 20 17 1 3166 
58 20 3 1 3166 
58 20 3 1 3166 
99 3 1 1 537 
99 3 0 1 537 
99 3 0 1 537 
99 3 1 1 537 
99 3 1 1 537 
9 52 24 1 1176 
9 52 46 1 1176 
9 52 78 1 1176 
9 52 47 1 1176 
9 52 38 1 1176 
100 14 0 1 3434 
100 14 0 1 3434 
100 14 0 1 3434 
100 14 0 1 3434 
7 53 29 1 676 
7 53 14 1 676 
7 53 27 1 676 
7 53 39 1 676 
7 53 31 1 676 
24 54 0 1 1408 
23 77 74 1 2362 
42 32 8 1 4031 
42 32 35 1 4031 
42 32 32 1 4031 
42 32 27 1 4031 
42 32 8 1 4031 
17 30 49 1 1152 
17 30 52 1 1152 
17 30 1 1 1152 
17 30 25 1 1152 
17 30 0 1 1152 
11 90 19 1 2255 
11 90 18 1 2255 
11 90 53 1 2255 
11 90 0 1 2255 
26 56 16 1 3570 
26 56 72 1 3570 
11 84 20 1 1913 
11 84 31 1 1913 
11 84 46 1 1913 
100 11 0 1 1552 
29 81 61 1 4559 
10 64 30 1 713 
10 64 54 1 713 
25 48 58 1 1279 
17 93 56 1 3989 
17 93 15 1 3989 
17 93 75 1 3989 
17 93 65 1 3989 
77 31 10 1 4850 
3 71 19 1 299 
3 71 87 1 299 
3 71 72 1 299 
3 71 95 1 299 
3 71 56 1 299 
89 9 1 1 1577 
89 9 0 1 1577 
89 9 0 1 1577 
89 9 10 1 1577 
1 6 99 1 12 
1 6 99 1 12 
1 6 25 1 12 
1 6 80 1 12 
1 6 25 1 12 
12 99 10 1 2116 
12 99 25 1 2116 
21 26 74 1 1214 
21 26 74 1 1214 
21 26 42 1 1214 
21 26 8 1 1214 
21 26 75 1 1214 
