61
100 100 
48 48 14 1 5145 
6 85 59 1 874 
6 85 70 1 874 
100 14 0 1 2924 
17 85 21 1 3182 
69 20 14 1 2862 
12 72 20 1 1224 
5 48 89 1 531 
5 48 38 1 531 
5 48 15 1 531 
1 97 74 1 249 
1 97 38 1 249 
1 97 85 1 249 
66 36 6 1 6601 
66 36 1 1 6601 
15 53 7 1 1005 
29 80 32 1 6228 
29 80 65 1 6228 
29 80 12 1 6228 
19 77 81 1 3362 
97 7 1 1 907 
7 57 61 1 473 
7 57 86 1 473 
63 37 6 1 6137 
63 37 23 1 6137 
71 14 9 1 1556 
3 76 62 1 313 
3 76 65 1 313 
3 76 48 1 313 
34 54 22 1 4123 
5 91 33 1 581 
5 91 50 1 581 
14 87 59 1 1999 
62 28 36 1 5004 
62 28 24 1 5004 
62 28 33 1 5004 
6 7 1 1 2040 
6 7 21 1 2040 
6 7 19 1 2040 
20 71 25 1 3143 
92 7 8 1 795 
10 77 57 1 1460 
10 77 69 1 1460 
99 4 1 1 841 
99 4 1 1 841 
99 4 1 1 841 
14 44 62 1 1107 
14 44 38 1 1107 
100 2 0 1 280 
100 2 0 1 280 
100 2 0 1 280 
56 40 19 1 5898 
56 40 33 1 5898 
86 14 3 1 2096 
22 93 21 1 4411 
13 99 38 1 3456 
13 99 68 1 3456 
13 99 60 1 3456 
7 76 77 1 1406 
7 76 40 1 1406 
7 76 19 1 1406 

