30
100 100 
3 98 40 1 756 
34 36 11 1 2712 
100 6 0 1 1633 
49 26 22 1 2332 
14 56 64 1 2187 
100 3 0 1 470 
10 90 66 1 1569 
23 95 19 1 4947 
10 97 74 1 2757 
50 47 30 1 4274 
41 45 43 1 4347 
13 12 66 1 396 
19 68 64 1 3866 
50 46 4 1 5447 
23 70 56 1 2904 
28 82 72 1 6032 
12 65 26 1 1799 
9 86 37 1 929 
21 96 54 1 5186 
19 64 0 1 2120 
21 75 34 1 1629 
45 26 33 1 2059 
19 77 67 1 2583 
5 84 20 1 953 
16 21 78 1 1000 
23 69 48 1 2900 
5 89 77 1 1102 
22 63 12 1 2234 
41 6 44 1 458 
76 30 8 1 5458 

