30
100 100 
8 81 63 1 953 
5 76 72 1 389 
42 19 23 1 1668 
6 80 80 1 676 
41 48 23 1 3580 
6 86 62 1 1416 
58 20 3 1 3166 
99 3 0 1 537 
9 52 10 1 1176 
100 14 0 1 3434 
7 53 23 1 676 
24 54 35 1 1408 
23 77 19 1 2362 
42 32 27 1 4031 
17 30 13 1 1152 
11 90 12 1 2255 
26 65 69 1 3570 
11 84 64 1 1913 
100 11 0 1 1552 
29 81 0 1 4559 
10 64 26 1 713 
25 48 15 1 1279 
17 93 37 1 3989 
77 31 12 1 4850 
3 71 93 1 299 
89 9 3 1 1577 
1 6 40 1 12 
12 99 8 1 2116 
33 72 3 1 2932 
21 26 6 1 1214 
