30
100 100 
8 81 56 1 953 
5 76 54 1 389 
42 19 28 1 1668 
6 80 25 1 676 
41 48 15 1 3580 
6 86 65 1 1416 
58 20 13 1 3166 
99 3 0 1 537 
9 52 3 1 1176 
100 14 0 1 3434 
7 53 38 1 676 
24 54 17 1 1408 
23 77 14 1 2362 
42 32 33 1 4031 
17 30 37 1 1152 
11 90 16 1 2255 
26 65 20 1 3570 
11 84 6 1 1913 
100 11 0 1 1552 
29 81 34 1 4559 
10 64 72 1 713 
25 48 13 1 1279 
17 93 53 1 3989 
77 31 11 1 4850 
3 71 38 1 299 
89 9 9 1 1577 
1 6 99 1 12 
12 99 59 1 2116 
33 72 11 1 2932 
21 26 11 1 1214 
