97
100 100 
8 81 34 1 953 
8 81 6 1 953 
8 81 34 1 953 
5 76 68 1 389 
5 76 47 1 389 
5 76 93 1 389 
5 76 91 1 389 
42 19 33 1 1668 
42 19 34 1 1668 
42 19 25 1 1668 
42 19 27 1 1668 
6 80 32 1 676 
6 80 21 1 676 
6 80 52 1 676 
6 80 77 1 676 
41 48 32 1 3580 
6 86 6 1 1416 
6 86 42 1 1416 
6 86 87 1 1416 
6 86 88 1 1416 
6 86 82 1 1416 
58 20 24 1 3166 
58 20 0 1 3166 
58 20 1 1 3166 
58 20 42 1 3166 
58 20 33 1 3166 
99 3 0 1 537 
99 3 1 1 537 
99 3 0 1 537 
99 3 0 1 537 
99 3 1 1 537 
9 52 4 1 1176 
9 52 55 1 1176 
9 52 54 1 1176 
9 52 70 1 1176 
9 52 3 1 1176 
100 14 0 1 3434 
100 14 0 1 3434 
100 14 0 1 3434 
100 14 0 1 3434 
7 53 27 1 676 
7 53 9 1 676 
7 53 18 1 676 
7 53 51 1 676 
7 53 90 1 676 
24 54 29 1 1408 
23 77 14 1 2362 
42 32 13 1 4031 
42 32 33 1 4031 
42 32 9 1 4031 
42 32 27 1 4031 
42 32 18 1 4031 
17 30 32 1 1152 
17 30 75 1 1152 
17 30 40 1 1152 
17 30 54 1 1152 
17 30 34 1 1152 
11 90 68 1 2255 
11 90 83 1 2255 
11 90 0 1 2255 
11 90 44 1 2255 
26 56 9 1 3570 
26 56 31 1 3570 
11 84 82 1 1913 
11 84 89 1 1913 
11 84 40 1 1913 
100 11 0 1 1552 
29 81 23 1 4559 
10 64 8 1 713 
10 64 65 1 713 
25 48 45 1 1279 
17 93 57 1 3989 
17 93 58 1 3989 
17 93 11 1 3989 
17 93 65 1 3989 
77 31 1 1 4850 
3 71 90 1 299 
3 71 70 1 299 
3 71 68 1 299 
3 71 60 1 299 
3 71 23 1 299 
89 9 7 1 1577 
89 9 7 1 1577 
89 9 10 1 1577 
89 9 6 1 1577 
1 6 40 1 12 
1 6 50 1 12 
1 6 51 1 12 
1 6 12 1 12 
1 6 10 1 12 
12 99 58 1 2116 
12 99 29 1 2116 
21 26 34 1 1214 
21 26 71 1 1214 
21 26 53 1 1214 
21 26 7 1 1214 
21 26 24 1 1214 
