42
70 40 
17 9 3 1 153 
11 19 39 1 209 
11 19 31 1 209 
11 19 25 1 209 
11 19 5 1 209 
12 21 20 1 252 
12 21 41 1 252 
12 21 17 1 252 
14 23 30 1 322 
14 23 28 1 322 
14 23 50 1 322 
14 23 47 1 322 
24 15 45 1 360 
24 15 12 1 360 
24 15 42 1 360 
25 16 16 1 400 
25 16 39 1 400 
25 16 39 1 400 
25 16 17 1 400 
27 17 37 1 459 
27 17 36 1 459 
18 29 19 1 522 
18 29 32 1 522 
18 29 23 1 522 
21 31 21 1 651 
21 31 40 1 651 
21 31 2 1 651 
32 22 18 1 704 
32 22 14 1 704 
23 33 19 1 759 
23 33 5 1 759 
23 33 44 1 759 
34 24 32 1 816 
34 24 0 1 816 
35 25 16 1 875 
35 25 10 1 875 
36 26 24 1 936 
37 27 9 1 999 
38 28 10 1 1064 
39 29 31 1 1131 
41 30 18 1 1230 
43 31 2 1 1333 
