621
5
0 0 0 0 0
0 2 3 3 3
2 0 0 3 1
3 0 0 0 1
3 3 0 3 0
3 1 1 0 2
0 0 0 0 0
0 0 2 1 0
0 1 1 1 2
2 1 0 1 0
1 1 1 0 1
0 2 0 1 2
2
0 0
13 13
5 3
3
0 0 100
360 390 552
0 0 601
371 475 574
25
2 1 2
1 2
1 2
1 1
2 1 2
2 1 2
1 1
2 1 2
2 1 2
2 1 2
1 1
2 1 2
1 2
2 1 2
1 2
1 1
1 2
1 2
2 1 2
1 2
2 1 2
2 1 2
2 1 2
2 1 2
1 2
38 15 13 36 38 41 27 23 0 11 42 30 6 34 8 35 23 12 34 45 18 18 27 22 3
54 21 18 48 40 49 35 26 36 15 54 37 8 49 17 67 37 14 57 53 19 40 28 24 27
4 2 3 5 1 4 5 1 8 1 3 7 2 5 6 10 3 1 7 2 1 5 1 1 6
10 10 10 10 10 10 10 10 10 10 10 10 10 10 10 10 10 10 10 10 10 10 10 10 10
4 2 3 3 4 3 4 2 5 2 5 5 1 4 5 5 4 4 3 1 2 2 1 1 5
4 2 1 2 4 1 5 3 5 5 5 4 4 5 3 5 5 4 4 1 4 3 3 5 1
31500
12
1200
6
4
94
1
10
2
3
