20
5
5

2
3
3
2
1


0 0 0 0 0 0 0 0 0 0 0 1 2 3 4 5 4 3 2 1 0 0 0 0
0 0 0 0 0 0 0 0 0 0 1 2 3 4 3 2 1 0 0 0 0 0 0 0
0 0 0 0 0 0 0 0 0 0 0 0 1 2 3 4 3 3 2 1 0 0 0 0
0 0 0 0 0 0 0 0 0 0 1 2 3 2 1 0 0 0 0 0 0 0 0 0
0 0 0 0 0 0 0 0 0 0 1 2 3 4 3 3 3 3 3 2 0 0 0 0

0 0 0 0 0 0 0 1 2 3 4 3 3 2 1 0 0 0 0 0 0 0 0 0
0 0 0 0 0 0 0 0 0 0 0 0 1 2 1 0 0 0 0 0 0 0 0 0
0 0 0 0 0 0 0 0 0 1 2 3 3 2 2 1 1 1 0 0 0 0 0 0
0 0 0 0 0 0 0 0 1 1 2 1 0 0 0 0 0 0 0 0 0 0 0 0
0 0 0 0 0 0 0 0 0 0 0 0 1 2 1 0 0 0 0 0 0 0 0 0

0 0 0 0 0 0 0 2 3 3 4 3 2 1 0 0 0 0 0 0 0 0 0 0
0 0 0 0 0 0 0 0 0 1 2 2 2 3 4 3 3 2 1 0 0 0 0 0
0 0 0 0 0 0 0 2 3 4 4 4 4 3 2 1 0 0 0 0 0 0 0 0
0 0 0 0 0 0 0 0 0 0 0 0 1 2 2 3 4 3 2 1 0 0 0 0
0 0 0 0 0 0 0 2 2 2 2 2 2 3 3 2 1 0 0 0 0 0 0 0

0 0 0 0 0 0 0 0 0 0 0 0 1 2 2 2 3 2 1 1 0 0 0 0
0 0 0 0 0 0 0 0 0 0 0 0 0 0 0 1 2 1 0 0 0 0 0 0
0 0 0 0 0 0 0 3 3 4 5 5 4 3 2 1 0 0 0 0 0 0 0 0
0 0 0 0 0 0 0 2 2 3 4 4 3 2 1 0 0 0 0 0 0 0 0 0
0 0 0 0 0 0 0 0 1 2 3 4 4 3 2 1 1 0 0 0 0 0 0 0

0 0 0 0 0 0 0 0 0 1 1 2 3 4 5 4 3 2 1 0 0 0 0 0
0 0 0 0 0 0 0 2 3 4 4 5 4 4 3 2 1 0 0 0 0 0 0 0
0 0 0 0 0 0 0 0 0 0 0 0 0 0 1 2 3 2 2 1 0 0 0 0
0 0 0 0 0 0 0 0 0 0 0 0 1 2 1 1 0 0 0 0 0 0 0 0
0 0 0 0 0 0 0 2 3 4 5 4 3 2 2 2 1 0 0 0 0 0 0 0

0 1 0 1 1
1 1 1 1 1
1 1 0 1 1
1 1 1 0 0
0 1 0 0 1
1 1 1 0 1
1 1 1 0 1
1 1 1 1 1
0 1 1 1 1
1 0 0 1 0
1 1 1 1 1
0 1 1 1 1
0 1 1 1 1
1 1 0 1 1
1 1 1 1 1
1 1 1 1 0
1 1 0 0 1
1 0 1 1 1
1 1 1 1 1
1 1 0 1 1

7 16
9 18
11 20
11 20
11 20
9 18
11 20
9 18
7 16
7 16
9 18
11 20
9 18
7 16
9 18
9 18
11 20
9 18
9 18
11 20

1 1 0 1 1
1 0 0 1 0
1 0 0 0 0
0 0 1 1 1
1 0 0 0 0
1 1 0 1 0
1 1 0 1 1
1 0 1 1 0
1 1 0 0 0
1 0 1 0 1
1 0 1 0 0
1 1 1 1 0
1 1 0 0 0
1 1 0 1 0
1 1 1 1 1
1 0 0 0 1
1 0 0 1 0
0 1 1 1 0
1 1 1 0 0
1 1 0 0 0
