120
7470 16
498 4
495 3
495 2
493 3
492 3
488 3
486 4
484 1
482 1
480 2
476 1
473 1
473 2
460 4
457 4
455 2
450 4
450 1
447 1
447 3
446 1
429 2
421 3
411 2
408 1
400 3
398 4
397 2
395 1
391 2
388 2
383 4
379 2
377 2
377 1
375 2
375 2
370 1
366 3
361 3
358 4
357 1
356 4
354 4
350 2
348 3
348 4
347 1
343 3
341 2
340 2
339 1
329 4
329 4
326 3
323 1
322 3
309 2
302 2
298 1
298 2
296 2
294 4
293 4
293 3
290 1
284 4
283 3
283 3
282 2
281 4
281 2
280 2
278 2
278 1
277 4
273 2
272 2
272 2
271 3
269 1
269 4
268 2
267 4
266 2
266 1
266 2
265 3
264 1
264 4
261 1
261 2
260 4
260 4
260 3
260 1
259 4
257 1
257 3
255 1
255 4
255 4
255 4
254 1
254 3
253 2
253 3
253 4
252 3
252 3
252 1
251 4
251 1
250 3
250 2
250 3
250 4
250 2
250 2
250 1
