120
7485 16
499 4
498 2
498 3
495 1
490 4
486 2
482 1
480 2
478 1
478 2
462 4
434 2
434 4
432 3
430 2
428 4
427 3
419 3
414 4
410 4
408 1
408 3
400 1
397 3
395 1
394 1
394 1
391 3
387 3
387 3
386 2
382 1
375 3
370 2
368 3
366 4
364 2
362 1
362 2
361 3
357 1
356 1
356 3
353 2
352 2
347 3
346 1
345 3
344 3
344 4
340 1
338 4
336 3
336 3
330 2
329 1
327 2
326 3
324 1
323 2
314 1
314 4
305 3
304 1
304 1
300 1
297 3
296 1
295 3
293 2
292 3
292 4
289 2
288 2
288 4
285 4
284 3
284 2
282 2
281 2
281 2
280 2
278 2
277 3
276 3
276 4
276 2
275 2
274 1
272 4
271 2
270 4
270 2
269 4
269 2
263 3
262 1
262 1
262 3
261 2
259 4
259 1
256 2
256 4
254 2
253 2
252 1
252 2
252 2
252 1
251 2
251 2
251 2
251 3
250 2
250 3
250 1
250 4
250 3
250 4
