120
7485 16
499 3
495 2
495 1
493 3
488 2
488 4
477 2
476 1
473 1
469 4
466 3
461 2
460 1
458 4
457 4
455 1
453 4
444 3
438 1
428 3
424 1
421 2
418 4
418 3
417 2
410 1
408 2
408 4
407 2
400 4
398 2
395 4
393 3
391 4
385 2
373 3
370 2
369 1
366 3
355 4
348 1
346 1
340 4
339 2
338 3
334 1
329 1
327 1
327 4
323 3
323 1
318 4
317 2
317 4
314 4
313 2
312 1
309 4
308 2
306 4
304 4
304 3
300 3
300 3
298 3
297 3
295 1
295 1
292 1
292 1
290 2
287 2
286 4
286 1
286 4
284 3
282 3
282 4
282 3
280 3
278 4
276 2
275 2
274 1
272 1
268 3
268 1
268 2
267 2
267 4
265 3
264 4
264 4
262 2
262 3
261 1
259 2
259 2
259 4
259 1
258 2
258 1
256 2
256 4
256 1
255 1
255 4
255 2
254 2
254 2
253 1
252 1
251 3
251 3
250 4
250 2
250 4
250 3
250 1
250 2
