120
7440 16
496 2
496 1
496 1
494 2
489 1
486 3
486 2
484 1
470 2
470 4
453 1
450 4
445 1
444 4
443 2
442 1
433 1
430 2
421 3
418 1
418 1
416 3
414 4
412 4
405 1
405 1
404 3
402 4
396 4
390 3
388 1
386 2
384 2
384 2
382 2
373 2
373 3
369 3
365 3
363 2
358 2
357 2
356 1
353 3
350 2
350 2
343 4
340 1
336 3
336 2
332 2
331 4
329 1
329 2
328 3
319 4
316 2
313 2
313 3
311 3
309 4
309 4
309 4
306 1
305 3
302 2
302 3
298 4
294 1
290 2
289 3
289 3
289 3
287 2
284 1
283 1
282 2
280 1
280 4
276 3
275 3
273 1
273 3
271 4
271 2
269 3
267 3
266 2
265 2
264 4
262 4
261 4
261 3
261 4
260 3
260 2
259 4
259 2
258 3
258 2
257 1
257 4
256 2
256 4
256 3
255 3
254 4
254 1
254 2
254 4
254 2
253 4
253 3
252 2
251 2
251 2
251 2
251 2
250 3
250 1
