120
7485 16
499 4
496 3
495 1
492 1
489 2
477 2
476 3
474 2
473 2
471 2
470 1
456 3
454 3
453 4
450 4
449 1
447 2
447 2
446 4
442 4
435 2
433 4
432 2
431 3
422 2
422 4
416 4
414 1
401 4
399 4
398 3
397 2
396 3
388 2
385 2
384 2
379 1
378 1
377 1
360 4
359 1
357 3
352 2
337 2
332 4
330 3
324 1
323 4
322 1
321 3
319 3
319 1
314 1
314 1
308 1
307 3
306 2
304 2
301 4
300 2
296 4
296 4
296 1
294 2
292 2
289 3
288 2
288 4
286 3
285 1
285 4
283 4
282 1
280 4
279 2
279 2
279 2
279 4
276 3
275 2
275 3
274 3
274 3
273 2
272 3
271 4
270 3
270 1
269 2
269 1
269 3
267 2
267 1
266 1
266 1
263 4
262 1
260 2
259 2
259 1
258 2
258 3
257 2
257 4
257 1
257 1
256 1
256 4
255 1
254 3
254 1
254 2
253 1
253 4
252 1
252 2
251 1
251 2
251 3
250 1
