120
7425 16
495 2
495 1
492 1
491 1
488 2
479 1
478 3
474 1
471 2
462 2
459 4
452 4
442 2
441 2
438 2
436 3
427 4
426 3
425 4
421 2
421 1
421 2
415 4
408 4
407 3
407 2
402 2
390 4
390 3
385 3
385 1
383 2
378 3
377 1
376 2
368 4
362 3
361 3
356 2
355 2
355 4
355 1
352 3
352 1
346 1
346 1
345 4
342 3
339 4
339 3
330 3
329 3
324 2
320 2
319 2
316 2
315 1
312 1
308 1
306 2
306 3
305 2
305 4
303 3
301 3
300 3
298 4
298 3
297 4
297 1
297 1
294 4
292 4
292 2
287 3
287 3
287 4
285 4
284 3
282 1
282 1
281 2
279 2
277 3
276 2
274 1
273 4
272 4
272 3
270 4
269 2
269 1
269 2
268 3
266 3
266 3
265 1
265 2
264 1
263 3
262 2
258 4
258 3
258 3
257 4
257 3
257 2
257 2
255 2
255 1
255 1
254 1
254 3
253 2
251 2
251 2
251 3
251 4
250 3
250 3
