120
7380 16
492 4
490 4
485 3
484 1
475 1
472 3
467 4
461 4
454 4
447 3
446 3
443 3
442 2
442 2
437 2
434 1
432 1
431 1
428 3
427 2
422 2
419 4
414 3
412 1
404 3
404 1
403 3
397 3
393 1
387 2
383 3
381 4
381 1
377 1
377 3
376 3
370 3
369 1
369 2
368 2
367 4
365 2
364 4
361 3
359 2
358 1
355 4
352 1
349 4
337 4
337 1
330 4
329 2
329 3
324 2
323 2
321 1
319 2
317 1
316 4
310 4
303 3
299 2
298 3
298 1
294 3
294 3
293 1
293 4
290 4
290 4
287 4
285 3
285 1
285 1
284 1
284 2
282 2
281 4
279 1
279 3
278 1
275 2
274 3
273 2
273 3
272 2
272 2
270 4
267 4
267 4
265 3
265 1
265 1
264 1
264 1
264 4
262 2
262 2
262 4
261 3
260 4
260 1
260 3
259 1
259 1
257 1
257 2
256 3
255 4
255 4
254 2
254 1
253 1
252 1
252 4
251 1
251 2
250 1
250 1
