120
7485 16
499 1
498 1
495 1
495 1
494 3
491 4
485 2
480 3
466 2
464 3
463 3
458 3
451 3
445 2
444 4
440 4
435 4
434 3
430 4
429 4
428 2
427 4
426 4
426 4
413 2
412 3
399 3
398 1
395 2
381 1
376 1
373 4
370 4
370 3
370 3
368 4
368 1
367 1
362 1
361 2
360 2
358 4
357 1
351 3
350 3
350 2
349 2
347 4
344 2
344 4
343 1
332 2
330 4
329 4
323 4
320 1
315 4
311 4
309 2
306 4
304 4
300 1
300 1
299 4
297 4
294 2
290 3
289 4
288 1
287 2
286 3
286 1
286 1
283 2
283 1
282 1
281 4
280 1
279 1
277 4
277 2
275 4
274 2
274 4
274 1
273 4
272 2
272 4
271 4
270 3
268 2
267 2
265 3
263 3
263 1
262 2
261 4
259 4
258 4
258 4
257 4
257 2
256 2
256 1
255 4
255 4
255 3
254 1
254 4
253 4
253 4
252 2
251 3
251 4
250 2
250 1
250 2
250 4
250 4
250 1
