120
7485 16
499 1
499 1
480 3
476 4
473 3
471 4
470 2
467 1
463 3
457 3
447 2
444 1
442 2
439 1
439 3
437 4
434 2
432 3
419 3
418 4
418 3
415 2
412 3
412 1
411 1
410 4
406 2
405 2
403 2
397 2
396 1
393 2
393 1
390 1
381 3
374 3
372 2
369 2
366 3
364 1
354 4
354 4
354 4
351 2
351 2
348 1
346 1
336 1
329 2
328 4
324 4
324 2
323 3
321 3
320 2
317 4
316 4
316 3
306 2
304 2
304 1
301 1
301 2
301 1
300 4
299 2
299 1
298 4
296 4
295 2
294 4
290 2
289 3
288 2
287 4
287 2
285 1
285 2
282 2
280 1
279 4
278 3
278 2
277 1
277 3
277 2
276 3
276 3
274 1
274 4
273 2
272 4
271 1
269 3
268 1
266 1
265 4
265 2
265 4
262 2
261 4
261 1
257 3
257 1
256 3
255 1
255 4
255 1
254 1
254 2
254 3
254 3
253 4
252 2
252 3
251 3
251 1
250 3
250 3
250 4
