120
7485 16
499 3
497 2
491 3
488 3
484 1
484 1
483 4
481 2
480 4
473 2
469 2
465 2
464 4
462 1
460 2
452 3
447 3
446 4
436 1
434 1
432 4
430 4
426 2
424 4
419 4
414 1
410 3
409 4
403 4
401 2
396 4
396 1
391 2
384 1
382 1
373 1
370 2
368 4
360 2
359 2
357 3
350 4
350 4
350 2
337 4
335 3
334 1
333 2
328 3
325 3
324 4
322 2
321 1
317 1
315 2
314 1
312 2
308 4
306 2
303 2
301 4
298 4
298 3
298 4
296 3
289 1
289 4
289 3
288 2
286 1
285 3
283 3
280 2
279 2
279 2
278 3
276 4
275 4
274 4
273 2
272 2
272 1
270 4
269 1
269 1
268 4
268 2
267 2
267 1
266 3
266 2
266 3
265 3
265 4
265 1
263 2
263 2
262 1
261 3
261 3
260 3
259 2
258 3
258 4
257 4
256 3
256 1
255 4
254 2
254 1
253 3
252 4
252 4
251 3
251 1
251 4
251 2
250 1
250 2
250 4
