120
7395 16
493 3
491 3
491 2
471 2
469 3
468 3
465 1
461 2
459 3
457 4
455 3
453 2
451 1
448 3
441 3
429 1
428 2
427 3
425 4
420 1
404 2
402 2
397 3
391 4
390 2
380 1
380 1
378 2
378 3
377 3
375 4
375 1
374 4
373 2
371 1
370 4
370 3
366 3
364 1
363 3
360 4
360 3
359 4
359 3
358 3
357 2
357 4
350 2
339 3
336 2
330 3
327 2
326 1
325 4
325 1
323 2
323 3
321 1
320 3
319 1
318 4
311 1
311 3
304 3
303 1
303 4
301 3
300 4
299 1
299 4
299 3
297 2
297 3
297 4
295 3
292 3
292 1
290 1
289 4
289 1
286 2
285 1
285 3
284 3
281 1
281 1
278 1
277 1
276 4
275 3
273 4
271 3
269 1
269 4
266 4
265 2
263 4
262 3
260 4
260 3
260 4
260 4
258 4
258 4
257 2
257 2
257 4
257 2
255 3
254 1
254 3
254 1
253 3
253 2
252 2
252 2
252 4
251 2
250 3
250 4
