249
7485 16
499 1
497 4
497 1
497 2
494 3
492 1
491 4
491 1
489 3
488 4
487 1
480 4
469 1
468 2
466 1
464 2
464 3
461 3
460 4
459 3
457 2
452 1
452 4
451 3
451 1
449 4
446 3
444 3
443 1
441 1
440 2
438 2
437 3
437 4
434 3
432 2
431 3
431 2
428 3
428 3
426 3
425 1
425 4
425 4
424 1
422 3
422 1
416 1
415 2
415 1
410 1
409 1
407 4
407 4
404 3
401 2
400 4
398 2
397 1
393 2
392 3
391 3
387 4
385 4
385 1
385 1
383 3
382 3
382 1
382 3
382 3
381 4
381 4
380 3
379 2
377 4
376 1
372 4
372 4
370 3
369 3
368 3
368 2
365 1
364 1
363 1
361 4
361 2
360 2
360 4
359 1
358 1
354 3
353 4
344 3
343 1
340 1
336 1
335 1
334 3
334 2
333 3
332 1
332 1
331 2
331 1
329 3
329 2
328 3
325 2
325 4
323 3
323 2
322 1
321 4
321 2
319 1
317 3
316 4
314 4
312 1
311 1
311 2
310 2
309 4
309 1
309 4
308 2
306 3
305 3
303 4
303 4
302 3
301 1
301 2
299 3
298 1
297 4
296 3
295 4
293 2
293 2
293 3
292 4
291 2
291 1
291 3
289 2
289 4
288 4
288 2
284 2
284 2
284 4
283 1
283 4
283 2
282 4
282 1
281 3
281 1
280 4
279 3
279 2
279 4
279 4
278 2
278 3
277 1
277 2
277 1
276 2
276 2
276 1
273 4
273 4
272 3
271 2
271 4
271 4
270 4
270 4
269 3
269 1
269 1
269 2
267 2
267 4
267 4
267 4
265 1
264 1
263 3
263 3
263 4
262 1
261 3
260 4
260 1
260 3
260 1
259 4
259 2
258 2
258 3
258 3
258 1
258 3
258 1
257 4
257 4
257 4
257 3
256 3
255 4
255 3
255 3
255 3
255 4
254 3
254 2
254 4
254 4
254 3
254 4
254 4
253 1
253 4
253 1
253 2
253 1
253 3
252 1
252 1
252 4
252 1
251 2
251 2
251 1
251 3
250 3
250 2
250 4
250 4
250 4
250 2
250 1
250 2
250 4
