249
7470 16
498 1
494 4
493 3
492 1
492 4
490 2
489 3
487 2
484 4
482 3
480 1
477 4
472 1
471 1
470 1
468 1
465 1
464 1
462 4
460 3
460 2
456 3
454 2
443 1
442 3
441 4
440 1
436 3
436 4
435 3
435 3
435 1
431 1
427 4
427 1
426 3
424 3
417 2
417 2
416 2
415 2
415 2
412 2
407 2
402 1
402 3
402 2
400 1
399 4
398 3
398 2
394 4
390 4
386 4
386 4
385 1
385 3
385 1
384 2
381 2
380 4
379 1
378 4
378 2
377 4
377 3
376 2
375 2
374 2
372 3
372 4
368 4
367 2
366 1
366 1
366 1
366 2
365 4
365 4
363 1
362 1
362 3
361 1
359 2
359 1
358 2
358 4
357 2
357 3
355 2
355 1
354 1
353 1
352 3
352 1
352 4
352 2
352 2
350 1
349 3
349 1
347 3
343 4
342 4
341 3
340 3
339 2
336 2
335 1
333 2
332 3
331 1
330 4
328 3
327 4
326 4
326 4
325 4
324 2
324 1
323 4
319 2
317 1
316 4
315 4
314 3
313 1
312 4
311 4
309 2
309 1
309 1
309 2
308 4
306 3
305 4
303 2
302 1
301 2
301 3
300 2
297 3
297 3
296 2
296 1
296 1
296 4
295 2
295 4
292 4
291 1
291 1
290 4
290 2
289 2
288 4
288 1
288 2
287 2
286 1
285 3
285 1
283 4
282 2
282 1
282 4
281 1
281 3
280 2
279 3
278 2
277 3
277 1
277 2
276 3
276 2
275 3
275 2
275 4
275 3
274 3
274 3
274 4
273 3
273 2
271 4
269 3
269 1
268 3
268 1
268 1
268 2
268 3
268 4
266 2
264 2
264 3
263 4
263 1
263 1
263 3
263 3
262 1
262 3
261 4
261 3
261 2
261 4
261 3
260 1
260 4
260 4
260 3
260 3
260 1
260 2
259 3
259 3
258 3
258 4
258 4
258 3
258 1
257 3
257 1
257 1
256 3
256 4
256 3
256 3
256 4
255 2
255 1
254 2
254 2
254 2
253 4
253 3
252 1
252 1
252 3
251 1
251 1
250 3
250 4
250 3
250 2
250 1
250 3
