249
7485 16
499 1
498 3
496 4
496 2
493 4
492 1
489 3
488 2
488 4
487 3
487 3
485 4
484 3
484 4
484 2
482 1
478 3
476 3
475 3
474 2
472 1
471 3
470 4
469 3
469 1
468 3
468 2
467 3
467 4
466 3
466 3
464 1
464 2
462 2
460 2
459 1
458 2
457 4
454 1
452 4
450 1
448 4
446 1
445 4
442 1
442 3
442 1
441 2
439 2
434 4
432 4
427 4
427 2
427 2
425 4
424 4
423 3
420 4
419 4
419 1
418 2
417 4
417 3
413 1
410 3
409 3
406 4
405 3
405 4
404 3
403 2
401 4
396 4
389 1
378 1
377 4
377 3
370 1
366 2
363 2
361 4
356 1
353 1
353 4
353 3
350 1
347 1
342 2
341 1
339 4
337 4
335 2
332 4
331 2
326 2
326 4
325 3
324 1
323 3
322 3
320 4
320 3
318 2
318 4
318 1
316 2
315 2
314 4
313 1
313 1
312 4
312 1
309 4
308 2
306 1
305 4
305 4
303 2
299 1
299 1
298 2
296 2
296 4
296 2
293 3
291 1
291 1
290 3
289 3
289 4
288 2
287 3
286 1
285 1
284 3
284 2
284 3
283 1
282 3
282 4
281 4
280 3
280 2
280 1
280 4
279 1
278 2
278 2
278 1
277 3
277 3
277 2
276 1
275 4
275 3
274 3
274 3
274 4
273 3
273 2
273 1
272 3
271 2
271 1
271 2
271 1
271 1
271 3
270 4
270 2
270 2
270 2
270 4
269 3
269 4
268 2
268 4
267 2
267 3
266 3
266 4
264 1
264 4
264 1
263 4
263 3
263 1
263 3
262 1
262 4
261 2
261 2
261 1
261 2
260 2
260 2
260 2
260 2
260 3
260 2
259 3
259 2
259 4
259 3
258 4
258 3
258 1
257 2
257 4
256 2
256 4
256 2
256 2
256 1
256 3
256 4
255 4
255 1
255 3
255 1
255 3
254 4
254 1
254 3
254 4
253 4
253 3
253 3
253 1
253 4
252 4
252 1
252 2
252 4
252 2
252 1
251 3
251 4
251 4
251 1
251 4
251 3
251 1
250 1
250 4
250 1
250 3
250 4
250 1
