249
7485 16
499 3
498 2
498 4
497 3
495 2
494 3
489 3
488 3
488 3
486 2
480 4
476 3
472 3
471 4
470 1
470 2
468 3
468 1
468 2
468 3
468 2
465 1
462 3
462 4
461 3
460 3
460 1
456 4
451 4
450 3
449 1
449 4
447 3
444 3
443 3
440 4
436 2
433 2
430 2
430 2
430 3
427 4
426 4
425 4
420 3
419 4
419 3
418 4
417 4
417 2
415 1
412 3
412 3
411 4
407 4
406 3
405 4
404 4
401 2
397 2
396 3
396 2
395 2
392 4
392 4
391 3
389 2
384 3
383 4
383 3
381 1
380 3
380 2
379 4
377 3
377 2
376 1
375 1
374 1
371 4
370 4
368 2
365 1
365 2
363 2
361 1
359 2
358 2
355 2
355 1
354 3
352 1
350 4
350 1
347 1
347 1
344 1
341 2
340 4
337 2
336 3
335 4
335 4
332 1
331 4
330 2
327 1
324 4
324 2
322 2
321 4
319 2
319 4
318 2
314 3
313 4
313 2
309 4
307 3
305 1
305 3
304 2
304 2
304 4
304 4
303 4
303 2
303 1
301 3
300 1
299 2
298 2
297 2
296 3
296 3
296 4
295 1
292 4
292 3
292 3
291 2
291 1
289 4
289 2
287 2
287 1
285 1
284 4
284 3
284 3
284 2
283 1
283 1
283 1
282 4
281 1
280 1
279 2
279 4
278 3
278 2
278 3
277 3
277 1
277 1
276 1
276 3
276 3
275 1
274 1
273 3
271 1
271 2
271 2
271 4
270 2
270 4
269 4
268 2
268 2
268 2
267 4
266 3
266 3
266 4
266 4
266 4
266 3
264 4
264 4
264 2
262 1
262 1
262 3
262 2
261 2
261 3
261 3
261 2
261 2
260 4
260 4
260 4
259 4
259 2
259 1
259 3
259 4
258 2
258 2
258 2
258 2
258 4
258 4
256 3
256 4
256 2
256 1
255 4
255 4
255 4
255 2
254 1
254 1
254 2
254 3
254 4
254 4
254 4
254 4
253 2
253 3
253 4
253 4
253 2
252 4
252 4
252 3
252 3
252 2
252 1
251 4
251 1
250 4
250 1
250 2
250 3
250 4
250 1
