249
7440 16
496 1
494 2
494 4
490 3
488 4
487 2
484 2
484 3
481 2
477 3
476 1
469 2
467 3
466 1
463 4
461 1
459 1
459 4
458 4
457 3
456 1
453 1
450 1
449 4
448 3
445 4
443 3
443 4
442 4
441 1
434 3
433 2
433 3
431 2
430 1
424 2
421 3
421 1
419 3
414 2
414 4
413 4
410 1
407 2
407 3
405 3
403 1
401 3
401 1
397 2
397 1
396 1
394 3
392 3
392 2
391 1
391 1
390 4
390 1
390 3
387 1
387 2
384 3
383 4
382 1
381 1
377 4
377 3
375 2
374 1
374 4
374 4
374 2
373 3
373 3
373 4
373 1
372 1
369 4
368 2
368 2
367 3
367 1
366 2
365 4
363 2
362 4
362 3
360 2
357 2
357 2
356 4
356 1
353 2
351 1
350 4
350 1
349 1
346 2
346 2
345 4
345 2
343 4
340 2
339 1
339 2
335 4
335 4
333 1
333 4
332 3
329 1
329 4
329 2
326 1
324 4
324 1
324 2
323 1
322 2
319 3
319 3
318 1
317 2
315 2
314 1
311 4
311 2
311 4
311 2
310 1
308 1
307 1
304 2
303 1
302 3
301 1
300 2
300 4
299 2
298 2
297 3
296 3
294 2
292 1
290 4
290 2
290 1
290 1
288 3
288 1
287 2
287 4
287 3
286 2
286 1
286 1
285 4
285 3
285 1
283 3
282 4
281 4
281 1
281 3
281 1
281 1
281 2
280 4
280 3
280 3
279 4
278 3
278 2
276 4
274 1
274 4
273 2
273 2
272 4
272 3
271 3
271 4
271 3
271 3
271 3
270 3
270 3
270 1
269 2
269 2
269 2
269 1
267 4
266 4
265 4
265 3
264 4
264 4
264 3
264 2
263 2
263 1
263 1
263 4
262 4
261 1
260 2
260 3
260 1
260 1
259 3
259 3
259 1
259 4
258 4
258 1
257 3
257 3
257 2
257 4
256 3
256 4
256 4
256 2
256 4
255 4
255 2
255 2
255 2
254 3
254 4
254 2
254 2
253 3
253 2
253 4
253 2
252 1
252 1
252 1
252 4
251 3
250 3
250 1
250 1
250 3
250 3
250 1
