249
7485 16
499 2
495 3
494 1
493 2
492 2
491 3
489 1
489 4
489 2
488 2
487 2
486 4
484 3
482 4
482 4
477 3
476 3
474 2
473 4
472 2
466 3
463 4
461 2
459 3
458 4
458 3
454 2
451 1
451 1
448 2
444 2
444 2
443 4
442 2
442 4
441 3
438 4
435 4
431 4
430 2
427 3
425 4
424 3
424 3
420 1
420 4
419 1
418 3
414 1
414 3
412 1
407 1
405 4
405 1
400 3
398 2
397 1
396 3
396 3
395 1
393 1
393 2
392 3
391 3
391 3
387 4
385 1
385 1
381 1
380 1
378 3
374 3
373 4
373 4
371 3
369 3
368 4
367 2
367 1
366 3
364 4
363 2
363 3
362 3
362 2
361 1
359 1
357 3
356 2
355 3
354 3
348 3
347 4
347 4
341 4
340 2
339 3
339 3
337 2
336 3
335 4
334 1
333 4
330 1
329 4
327 3
325 4
324 4
324 4
323 1
321 3
321 3
318 4
317 4
313 3
313 2
312 2
311 3
311 3
309 4
309 1
308 2
305 1
305 2
304 2
304 4
303 1
303 1
303 2
302 2
299 4
298 4
298 3
296 3
295 4
295 1
295 2
294 4
292 3
292 3
290 3
289 1
289 3
289 3
288 2
286 2
286 4
285 3
285 3
285 1
284 3
283 4
283 3
282 2
282 4
282 2
282 1
282 2
281 1
281 1
280 4
279 4
278 1
278 1
278 2
277 1
277 4
276 4
276 2
276 1
276 1
275 1
275 4
273 2
273 4
272 4
272 1
272 4
272 3
272 1
272 1
270 3
270 2
270 2
270 3
270 3
270 4
270 1
270 3
269 2
269 1
267 3
266 4
265 2
265 2
265 2
265 3
264 4
264 1
264 2
264 2
263 3
263 3
263 4
261 4
260 1
260 1
260 2
259 2
259 1
259 1
258 1
258 1
258 2
257 1
257 3
257 2
257 4
257 3
256 4
256 2
256 1
256 4
255 4
255 3
255 1
255 3
254 3
254 3
254 4
254 4
253 3
253 3
253 1
253 3
252 3
252 4
251 3
251 4
251 3
251 4
251 2
251 3
251 2
250 4
250 4
250 4
250 1
250 4
