249
7455 16
497 3
495 4
493 4
489 4
488 4
486 2
483 2
482 1
476 1
476 1
474 1
473 2
473 3
472 4
467 1
466 4
466 2
464 4
462 2
461 3
459 4
456 1
455 2
455 2
454 3
453 3
451 1
451 4
450 1
449 4
449 4
444 2
442 4
437 2
433 2
433 2
432 4
428 1
426 3
424 2
424 2
423 4
423 2
422 2
420 4
420 1
417 3
414 4
414 4
413 1
412 4
411 3
410 1
410 2
406 1
406 2
405 2
404 3
403 3
403 1
401 1
399 3
397 4
396 4
395 2
394 1
392 4
391 1
386 1
384 4
382 4
382 2
380 4
378 2
378 2
374 1
372 4
364 2
362 1
362 2
361 2
360 2
359 2
359 3
358 4
358 1
356 1
356 4
356 2
353 1
353 4
352 2
346 2
345 4
342 4
342 1
340 3
340 2
338 1
334 2
332 1
331 3
330 4
329 1
326 3
326 1
325 3
324 2
324 3
321 4
320 1
320 3
319 1
318 4
318 2
317 3
316 1
316 2
316 4
314 3
314 3
313 3
311 4
309 2
307 4
307 1
306 3
305 4
305 1
305 3
303 4
302 2
300 4
299 4
296 2
296 1
295 4
294 1
294 2
294 2
294 3
294 4
293 1
292 3
291 2
290 3
290 4
289 1
289 2
285 3
285 3
284 3
283 4
283 4
282 2
282 2
281 4
281 3
281 1
280 4
280 3
280 3
280 4
280 3
279 1
278 2
278 1
278 2
276 1
275 3
275 3
275 1
275 2
274 3
274 3
274 2
274 4
274 3
273 1
273 3
272 1
272 2
271 2
271 1
270 3
270 3
270 4
269 4
269 4
268 4
268 3
266 2
266 2
265 2
265 3
265 4
265 1
264 4
264 2
264 1
264 4
262 3
261 1
261 4
261 2
261 1
261 2
260 1
260 3
260 2
259 4
258 3
257 1
257 2
257 2
257 2
257 4
256 1
256 1
256 1
256 1
256 1
255 4
255 3
255 1
255 3
255 3
255 4
255 2
255 1
255 1
255 2
255 2
254 4
253 1
253 1
253 4
253 3
253 2
253 2
253 2
252 4
252 1
252 4
252 3
251 2
251 3
251 4
250 4
