501
7470 16
498 4
498 1
497 3
497 4
496 3
492 1
490 1
489 3
489 3
488 1
486 3
485 1
485 2
485 3
484 4
484 3
483 4
482 2
481 1
481 4
478 4
477 3
476 2
474 4
474 1
473 4
472 3
472 1
472 1
472 2
471 1
470 4
469 3
469 2
468 2
467 1
467 3
466 4
463 2
463 1
462 1
462 2
461 3
460 3
460 1
459 3
459 2
458 2
457 1
456 3
455 2
454 4
454 3
453 2
453 3
452 1
450 1
449 1
448 3
447 4
447 2
446 3
446 3
444 4
442 1
441 1
440 1
439 2
438 4
437 3
437 4
437 1
436 3
435 3
434 4
432 2
432 3
431 3
431 4
430 1
429 3
429 1
429 4
426 1
426 1
422 1
420 1
420 1
419 2
418 2
418 2
417 3
417 2
417 1
417 1
417 4
417 3
417 4
416 3
415 1
413 2
413 3
412 4
412 3
411 2
411 4
407 2
406 3
406 2
404 3
404 4
403 4
402 3
401 4
400 2
400 4
396 4
396 3
395 2
395 3
392 3
392 2
392 3
390 1
390 2
387 2
387 1
387 3
386 1
384 4
384 3
383 3
383 1
383 2
382 2
382 4
382 4
381 3
381 4
380 3
380 4
379 4
379 4
378 1
377 4
377 4
376 4
376 2
374 3
373 3
372 4
372 1
371 1
370 2
370 2
370 3
370 3
369 2
368 4
368 2
367 2
366 3
366 3
366 2
364 1
364 4
363 2
362 2
361 3
361 4
360 4
360 2
360 1
360 4
357 1
357 1
357 4
356 3
356 1
356 1
355 1
355 4
353 2
352 1
352 1
351 4
351 3
350 4
350 4
350 2
350 4
345 3
341 3
340 4
338 1
338 2
335 1
335 2
334 2
334 3
333 1
333 3
333 2
332 4
332 1
332 3
331 2
331 3
331 4
330 1
329 3
328 3
327 3
327 4
326 4
325 3
324 1
324 3
324 1
323 1
322 2
322 3
321 4
320 1
318 1
318 2
318 4
317 4
316 4
316 2
315 4
315 2
315 4
314 3
314 4
314 3
313 3
313 3
312 3
312 4
312 4
312 1
312 4
312 1
312 4
310 1
310 1
309 1
308 4
307 1
307 2
307 3
306 2
306 3
305 3
305 2
305 1
305 1
305 3
305 1
304 2
303 3
303 3
302 3
300 2
300 3
299 1
299 2
299 3
299 1
298 1
298 3
297 4
297 4
297 4
296 4
296 1
296 3
296 1
295 4
295 1
294 4
294 4
294 2
294 1
294 2
293 4
292 1
292 2
291 2
291 4
291 1
290 4
290 2
290 1
289 3
289 2
289 2
289 4
289 4
289 1
288 2
288 1
288 4
288 1
288 2
287 2
286 4
286 3
285 4
285 2
285 2
284 2
284 1
284 1
284 2
284 1
284 2
283 3
283 2
283 1
282 2
282 2
282 4
280 1
280 4
280 3
280 3
280 2
280 4
279 3
279 1
279 1
278 2
278 3
278 1
278 2
278 1
277 2
277 1
277 1
277 3
277 3
277 2
276 2
276 2
276 4
276 2
276 4
275 2
275 4
274 3
274 4
274 3
273 3
273 1
273 4
273 1
272 1
272 1
272 4
272 4
271 1
271 3
271 1
270 4
270 4
270 3
269 3
269 4
269 3
268 4
268 1
268 1
268 1
267 2
267 2
267 4
267 1
267 2
266 3
266 2
266 4
266 1
265 3
265 2
265 2
265 2
265 2
265 3
264 3
264 2
264 3
264 4
264 3
263 4
263 2
263 4
263 2
263 1
263 1
262 1
262 1
262 2
261 2
261 2
261 2
261 1
261 3
261 3
261 4
261 2
261 4
261 1
260 4
260 3
260 4
260 3
260 1
260 4
260 4
260 1
260 1
259 3
259 3
259 4
259 3
259 1
259 1
259 4
259 1
259 1
258 4
258 4
258 1
257 2
257 4
257 4
257 4
257 4
257 4
257 2
257 2
257 4
256 2
256 4
256 3
256 2
256 2
256 4
256 3
255 3
255 1
255 3
255 1
254 4
254 2
254 2
254 4
254 2
254 2
254 4
254 2
254 4
254 4
253 3
253 2
253 2
253 3
253 3
253 1
253 3
253 3
253 3
253 3
252 4
252 3
252 1
252 3
252 1
252 3
252 1
252 4
252 4
252 2
251 3
251 2
251 1
250 3
250 4
250 2
250 1
250 2
250 3
250 1
250 3
250 2
250 2
250 2
250 4
250 1
