501
7485 16
499 4
498 1
498 3
496 4
495 3
492 1
491 1
490 2
490 3
488 3
488 4
485 1
485 3
483 3
483 2
480 3
479 1
478 4
475 1
474 1
473 1
471 1
471 3
470 1
469 4
468 2
467 3
465 2
465 4
464 2
463 3
463 4
462 2
462 4
461 4
459 1
459 2
458 2
457 1
455 4
454 2
454 2
454 3
453 1
453 2
452 4
451 1
451 4
451 2
450 2
449 1
449 4
449 3
448 4
445 4
443 4
442 1
441 2
441 4
438 4
436 1
434 1
433 1
433 4
433 3
432 2
431 2
430 2
429 4
429 1
428 4
426 1
426 1
423 4
423 2
422 4
420 4
419 2
419 4
418 2
417 1
417 4
417 2
414 4
414 2
414 2
413 4
413 2
412 3
410 3
409 1
409 3
409 1
409 2
408 3
407 4
404 4
401 4
400 4
399 3
399 3
398 4
398 2
397 1
397 1
396 3
395 1
394 1
394 3
393 2
392 4
391 1
390 2
386 3
386 3
385 3
385 3
385 3
384 3
384 2
383 4
383 4
383 3
382 4
382 4
381 3
381 2
380 3
380 2
379 1
379 3
379 4
378 3
378 1
378 4
377 3
377 2
376 1
376 1
375 1
374 1
374 3
374 1
373 4
373 1
373 1
373 2
371 3
371 3
371 3
371 3
371 2
369 1
369 1
369 2
369 4
368 3
368 2
367 1
367 3
367 1
366 3
365 3
365 3
364 3
364 2
363 3
362 4
362 3
362 2
361 3
360 3
360 2
360 1
360 4
360 2
360 2
359 1
359 1
359 2
359 3
359 1
358 4
358 1
357 4
357 1
357 1
357 4
357 1
356 3
355 3
353 2
352 1
352 2
352 1
352 1
351 3
351 1
350 1
350 2
347 2
346 2
346 1
345 4
345 4
345 4
342 3
341 1
341 2
339 1
339 2
338 4
338 4
337 2
335 2
334 3
334 4
332 3
330 4
330 4
330 3
328 1
328 4
328 2
326 3
326 4
326 1
326 2
325 2
325 4
324 4
323 2
322 4
322 4
321 3
320 2
320 1
320 1
320 1
320 3
319 3
318 2
317 2
317 3
316 4
316 2
315 1
315 2
315 1
315 2
315 1
314 2
313 1
313 4
312 4
312 3
312 3
310 3
309 2
309 3
307 1
307 4
305 2
303 3
303 2
302 4
302 2
302 3
301 3
301 2
300 2
300 3
300 2
300 4
299 2
298 4
297 2
297 3
297 2
297 3
297 3
297 2
296 1
296 4
296 2
296 2
296 3
295 3
293 2
292 1
292 4
291 1
291 3
291 3
291 3
291 1
291 3
290 2
290 1
289 4
289 3
289 4
289 1
289 4
289 1
289 3
288 4
288 3
288 4
287 3
287 1
286 3
286 2
285 3
285 2
285 1
285 1
285 4
285 2
285 2
285 4
284 4
284 2
284 1
284 2
283 1
283 3
283 4
282 3
282 2
282 2
282 1
282 3
281 1
281 3
280 3
280 3
280 4
280 3
280 4
280 4
280 2
279 4
279 4
279 4
278 2
278 1
278 3
278 3
278 4
278 4
278 4
278 4
278 2
277 2
277 1
276 4
276 4
276 3
275 3
275 1
275 3
275 2
275 3
275 2
274 1
274 4
274 2
274 4
274 3
273 2
271 2
271 2
271 4
271 2
270 1
270 3
270 4
270 1
270 3
270 1
270 3
269 2
269 4
269 2
269 1
269 2
268 3
268 3
268 1
268 2
268 1
267 1
267 3
267 4
267 2
267 3
267 1
267 4
267 4
266 4
266 1
266 4
266 1
266 1
265 3
265 3
265 4
264 2
264 2
264 1
263 4
263 3
263 3
262 3
262 4
262 1
262 3
262 2
262 3
261 4
261 3
261 1
261 2
261 4
261 4
260 3
260 1
260 3
259 2
259 1
259 3
259 1
258 3
258 2
258 2
258 2
258 3
258 4
258 3
257 4
257 1
257 4
257 4
257 4
257 1
256 4
256 2
256 2
256 1
256 3
256 4
255 1
255 1
255 2
255 1
255 1
255 4
255 2
255 2
255 1
254 1
254 2
254 1
254 4
254 3
254 2
254 2
254 1
253 1
253 3
253 4
253 1
253 1
253 1
253 4
253 2
253 1
253 4
253 2
252 3
252 1
252 3
252 4
252 1
252 2
252 2
252 4
251 4
251 3
251 4
251 2
251 4
251 1
250 1
250 1
250 1
250 4
250 2
250 1
250 1
