501
7485 16
499 1
498 2
495 3
494 4
492 1
491 4
491 4
490 2
490 4
489 4
489 4
488 2
486 3
486 3
485 3
484 3
484 1
484 4
482 1
482 1
481 2
480 2
480 4
480 1
480 4
480 4
479 1
479 4
477 1
476 2
473 1
473 4
472 3
472 1
471 1
471 2
470 3
470 4
469 4
468 1
468 1
468 2
468 3
467 2
467 2
467 3
466 1
466 3
466 3
465 4
464 2
464 1
462 3
462 1
462 4
461 1
461 1
461 4
460 3
460 3
458 1
458 4
454 4
454 2
453 2
453 3
452 2
452 3
451 3
449 3
448 1
446 3
446 1
445 2
443 2
442 3
441 3
441 4
440 1
437 1
435 3
435 1
435 4
435 3
433 3
431 3
431 1
430 4
429 4
428 1
428 3
427 2
425 3
424 1
424 3
418 4
416 1
416 2
415 1
415 2
414 4
412 1
412 3
411 1
411 4
410 4
407 4
406 4
406 4
406 3
405 1
404 2
404 4
397 3
397 4
396 1
395 2
395 4
394 4
394 4
393 1
392 4
392 1
388 1
387 4
386 3
386 2
385 2
384 4
383 3
382 2
381 1
379 2
379 1
379 3
378 3
377 4
377 4
376 4
375 2
375 3
374 4
374 4
374 4
374 1
373 4
373 2
371 3
371 3
371 2
371 2
371 2
370 1
370 2
370 3
370 3
370 3
369 2
369 4
368 4
367 2
366 3
365 2
364 3
363 4
363 4
363 4
362 4
362 2
361 2
361 1
360 3
360 2
357 3
357 3
356 3
355 1
355 1
355 1
354 3
354 4
354 4
354 4
354 1
353 4
353 2
352 2
351 1
351 2
348 1
348 1
348 4
346 4
346 1
345 2
345 3
344 3
344 4
344 4
344 2
344 1
343 3
342 1
341 1
341 3
341 1
340 1
339 4
339 1
339 4
335 3
331 3
330 2
330 3
329 1
329 3
328 4
326 1
326 2
325 2
323 4
322 3
321 2
320 4
320 4
319 3
319 2
319 1
319 1
319 3
318 2
318 2
318 4
318 2
316 4
315 2
315 2
315 2
314 1
314 1
313 1
312 1
312 3
311 3
309 2
309 4
308 1
308 2
306 3
305 1
304 4
303 2
303 3
303 2
302 4
302 4
302 4
302 3
300 3
298 3
298 1
297 2
297 3
297 4
296 2
296 3
296 4
295 3
294 3
294 4
294 3
293 1
293 1
293 1
292 3
291 2
291 1
291 3
290 3
289 2
289 3
289 1
289 3
288 2
288 1
287 2
287 1
287 3
287 4
287 2
287 2
286 4
285 3
285 1
285 4
285 2
284 3
284 4
283 3
283 2
283 1
283 1
282 1
282 2
282 4
282 1
281 2
281 4
281 3
281 1
281 4
279 4
279 1
279 4
279 1
278 1
278 1
278 1
278 2
277 3
277 4
277 2
277 1
276 2
276 2
276 1
276 2
276 3
276 1
276 3
276 2
275 1
275 1
275 3
274 2
274 1
274 1
273 2
273 1
273 1
273 4
273 3
272 4
272 3
272 3
272 4
272 1
271 1
271 2
271 1
271 4
271 3
270 1
270 3
269 3
269 1
269 2
269 3
269 3
269 2
268 1
268 1
267 3
267 4
267 2
267 3
267 2
266 4
266 3
266 4
266 4
266 3
265 1
265 1
265 1
265 1
264 2
264 1
264 2
264 1
264 4
263 4
263 2
263 4
263 4
263 4
263 2
263 3
262 1
262 4
262 1
262 4
262 4
262 3
262 4
262 3
262 3
262 4
261 1
261 3
261 1
261 3
261 2
260 2
260 4
260 2
260 4
259 2
259 1
259 3
259 4
259 4
259 2
259 4
259 4
259 1
259 3
258 2
258 3
258 2
258 3
258 4
258 2
258 2
258 4
258 3
258 1
258 4
257 2
257 2
257 3
257 3
257 4
257 3
257 2
257 3
257 2
257 1
257 4
256 1
256 3
256 3
256 2
256 4
256 4
256 2
255 4
255 2
255 2
255 3
255 1
255 1
255 4
254 1
254 4
254 4
254 3
254 3
254 1
254 3
253 4
253 4
253 4
253 3
252 4
252 4
252 2
252 2
252 3
252 2
252 1
252 3
252 1
252 1
252 2
252 4
252 1
251 2
251 3
251 4
251 1
251 1
251 1
251 3
251 2
251 3
251 4
251 2
251 2
250 2
250 1
250 2
250 2
250 1
250 1
250 2
250 1
250 4
250 1
250 2
250 3
