501
7485 16
499 4
498 2
498 4
495 2
495 1
495 4
493 2
492 1
491 2
490 2
490 3
489 3
487 1
486 4
484 3
483 1
483 1
481 4
480 3
480 1
480 2
479 3
477 4
477 2
475 1
475 3
473 3
473 2
472 3
471 2
469 1
468 2
467 3
467 4
465 4
465 3
464 2
464 2
464 1
464 4
463 1
462 1
461 3
461 4
460 2
459 2
459 3
458 4
458 2
456 2
456 1
455 1
455 4
454 2
450 1
445 2
444 3
442 3
442 3
442 1
441 1
441 4
438 2
438 4
437 2
437 2
437 2
436 2
436 4
435 4
434 2
432 3
432 4
431 3
431 1
430 1
430 3
428 1
425 3
425 4
425 2
424 3
423 3
419 4
418 1
417 2
417 1
416 4
416 1
414 3
414 3
413 2
413 1
412 2
412 1
411 1
409 1
409 3
407 2
406 1
406 1
406 1
404 1
402 2
402 3
402 2
401 2
401 2
396 1
396 4
395 4
393 4
393 2
391 4
391 4
390 2
390 4
389 4
389 1
387 3
386 3
386 2
385 3
384 2
383 4
383 3
383 1
381 2
381 1
381 3
381 1
379 1
379 1
378 4
378 4
378 2
378 4
376 3
376 2
375 2
374 4
374 2
373 3
372 2
372 3
372 4
372 1
372 3
371 4
371 3
371 3
371 3
371 1
370 3
370 2
370 3
369 3
369 1
369 4
369 3
368 1
368 3
367 2
367 1
366 3
366 3
365 4
365 4
364 2
364 4
362 4
362 4
361 2
360 2
360 2
360 1
359 4
359 1
359 3
359 1
358 3
357 4
357 3
357 3
357 1
357 4
355 3
354 3
354 4
353 2
353 2
353 1
351 1
351 2
351 1
351 3
351 2
350 4
347 2
345 2
343 4
342 2
341 4
339 3
338 1
337 4
337 1
337 2
335 1
335 1
333 4
333 1
332 1
331 1
330 4
328 3
327 1
327 3
327 1
326 3
325 1
325 3
324 1
324 1
324 3
323 1
323 4
323 4
322 2
320 1
319 1
318 1
318 4
318 2
318 1
317 1
317 4
317 4
317 2
315 4
315 4
315 1
313 1
312 1
312 1
311 3
310 1
310 1
310 4
309 4
308 4
308 2
308 1
308 4
307 1
307 4
306 4
306 2
306 2
305 2
305 2
305 2
303 3
303 2
302 3
302 2
302 3
301 1
301 2
301 4
300 1
300 2
299 2
299 3
299 2
298 3
298 4
298 2
298 3
298 4
298 3
297 2
297 1
297 3
296 3
296 1
296 2
295 1
294 4
294 4
294 2
292 4
292 2
292 1
291 1
291 3
290 3
290 3
290 4
290 4
289 4
289 3
289 1
288 3
288 1
288 2
286 4
286 3
286 1
286 3
285 1
285 4
285 1
285 2
285 3
284 4
284 4
283 3
283 4
283 2
283 4
283 3
283 3
282 1
281 4
280 3
280 2
280 3
279 4
278 3
278 3
278 2
278 3
277 1
277 4
277 3
277 4
277 3
276 1
276 2
276 3
276 3
276 4
276 4
276 3
275 3
275 4
274 3
274 1
274 1
274 1
274 1
273 1
273 4
273 1
272 1
272 2
272 3
271 4
271 3
271 1
271 1
270 2
270 2
270 3
270 4
270 4
270 4
270 4
269 2
269 4
269 2
269 4
268 4
268 2
268 1
268 2
268 1
268 3
268 4
267 4
267 4
267 1
267 4
267 1
266 1
266 1
266 4
266 4
266 3
266 1
266 4
265 4
265 1
265 2
265 1
265 2
264 1
264 1
264 3
264 3
264 2
263 3
262 2
262 3
262 2
262 1
262 2
262 4
262 1
262 1
262 1
262 1
262 2
262 2
261 4
261 4
261 4
261 2
261 1
261 4
260 4
260 4
260 1
260 4
259 2
259 1
259 3
259 4
259 4
258 1
258 2
258 3
258 3
258 1
257 1
257 1
257 2
257 3
257 1
257 1
257 1
257 1
256 2
256 2
256 1
256 4
256 2
256 2
256 3
256 1
256 1
256 4
256 4
256 4
256 2
255 1
255 3
255 2
255 4
255 1
254 2
254 4
254 4
254 1
254 3
253 4
253 4
252 3
252 4
252 1
252 4
252 4
252 1
252 2
252 4
252 4
252 4
251 2
251 3
251 2
251 4
251 4
251 1
251 3
251 2
251 1
251 4
251 4
251 3
251 1
250 3
250 3
250 3
250 2
250 1
250 2
250 2
250 1
250 2
250 1
