501
7485 16
499 3
498 4
497 4
496 4
495 3
495 1
494 3
493 3
491 1
490 3
490 4
490 3
489 1
488 4
487 3
486 2
486 1
486 3
486 4
486 3
485 4
485 4
485 4
484 1
484 1
483 3
482 1
482 4
481 4
480 4
475 3
475 2
475 3
474 4
470 3
470 4
467 4
467 2
466 4
463 1
462 1
461 4
461 2
459 3
458 2
458 3
457 3
456 2
456 3
456 1
455 4
454 2
453 2
453 4
452 3
449 2
446 1
444 4
444 2
444 3
444 3
444 1
441 3
441 4
439 2
438 1
438 4
437 4
436 3
435 3
435 4
433 4
432 4
432 4
431 2
430 3
429 3
428 4
428 3
427 4
427 1
426 3
424 1
423 1
421 2
421 2
419 4
418 1
416 4
415 4
414 3
414 3
413 4
412 4
411 3
411 2
411 4
410 2
410 4
410 2
408 3
408 3
407 2
405 4
405 3
405 1
404 3
402 1
401 3
400 2
399 2
399 3
399 4
397 1
396 3
393 2
391 3
391 4
390 3
390 2
389 4
388 2
388 4
388 2
385 2
383 4
382 3
382 2
381 3
381 3
379 1
378 1
377 3
376 4
376 4
375 4
374 4
374 1
374 1
373 4
372 1
372 2
371 3
369 2
369 3
369 2
369 4
368 1
368 3
367 3
367 2
367 2
366 3
365 4
365 4
365 3
365 3
365 2
364 4
364 2
364 3
363 2
362 1
362 2
361 3
361 4
360 2
360 2
360 1
360 3
359 2
359 1
359 3
358 4
357 2
357 3
356 1
356 4
356 2
355 2
354 4
354 4
354 1
353 1
353 3
353 1
353 2
353 1
351 1
350 2
350 3
349 4
348 1
347 4
347 2
347 3
346 1
345 2
344 2
343 2
343 1
343 1
343 4
343 1
343 1
342 1
341 4
341 3
341 1
340 3
339 1
337 2
333 4
333 3
332 1
332 4
331 1
330 2
329 1
328 3
326 3
326 1
325 4
325 2
324 1
322 3
322 4
321 4
320 1
320 1
320 3
320 1
319 4
317 4
317 4
317 4
317 1
316 1
316 2
315 4
315 2
314 1
314 1
314 1
314 4
314 4
313 3
313 2
313 4
312 4
312 3
312 3
310 1
310 3
309 4
309 3
308 3
307 2
307 4
307 3
306 1
306 3
305 2
305 1
304 1
304 2
303 2
303 1
303 2
302 1
301 3
301 1
300 1
299 1
299 1
299 3
299 2
298 4
298 1
297 1
297 4
296 3
296 2
296 4
296 2
295 4
295 2
295 4
294 2
294 3
294 2
293 2
293 1
292 2
292 4
292 2
291 1
291 2
290 2
290 2
290 4
289 1
289 3
288 4
288 4
287 3
287 1
287 3
286 3
286 1
285 2
285 1
285 2
285 3
284 4
284 4
284 2
283 2
283 1
283 3
282 2
282 1
281 2
281 1
281 1
280 1
280 4
280 1
280 1
280 4
279 3
279 3
279 3
279 1
278 1
278 2
277 4
277 2
277 4
277 4
277 4
277 3
276 1
276 1
276 2
275 3
275 4
274 4
274 2
274 1
274 2
273 1
273 1
273 4
272 2
272 3
272 1
272 4
272 1
272 3
271 1
271 4
270 4
270 2
269 2
269 3
269 3
268 2
268 2
268 4
268 2
268 4
268 4
268 3
267 1
266 3
266 1
266 4
265 1
265 4
264 3
264 2
264 2
264 3
264 4
264 4
264 3
264 2
264 2
263 4
263 3
263 1
263 1
262 3
262 3
262 2
262 1
262 2
262 1
261 4
261 3
261 3
261 4
261 3
261 4
260 1
260 4
260 4
260 2
260 2
260 4
260 4
260 3
260 3
260 1
260 2
259 2
259 1
259 2
259 3
258 2
258 2
258 4
258 1
258 3
258 3
257 4
257 1
257 2
257 2
257 4
257 4
257 4
257 2
257 4
257 2
257 3
256 1
256 2
256 3
256 1
256 4
256 4
256 2
255 3
255 1
255 3
255 2
255 4
255 1
255 2
255 3
254 1
254 3
254 3
254 4
254 3
254 3
254 4
253 4
253 2
253 1
253 2
253 3
253 4
253 3
253 4
253 4
253 4
252 2
252 3
252 2
252 3
252 2
252 2
251 3
251 1
251 3
251 3
251 1
251 4
251 2
251 3
251 1
251 3
251 3
250 3
250 4
250 3
250 2
250 2
250 4
250 2
250 3
250 2
250 2
250 3
250 1
250 1
250 4
250 2
