501
7485 16
499 2
498 4
497 1
496 3
496 4
495 2
495 4
494 3
493 2
492 2
491 2
491 1
491 3
491 3
488 2
486 4
484 3
482 1
481 3
480 2
479 4
477 3
477 1
476 4
476 3
473 3
473 1
470 2
469 3
468 2
466 3
465 2
459 1
458 2
458 2
457 3
456 4
456 1
455 1
454 2
453 2
453 4
453 1
452 3
451 1
451 2
450 2
450 1
450 1
448 3
447 1
446 1
446 2
446 1
445 2
445 1
445 2
445 1
442 1
441 4
441 3
440 1
439 3
438 3
437 4
436 1
435 1
434 4
432 3
431 3
431 2
431 1
430 3
429 4
429 1
429 3
429 4
428 3
426 3
426 3
426 1
426 2
426 3
425 4
425 4
424 1
423 1
422 1
422 3
422 1
421 3
421 4
420 2
419 1
419 3
417 1
417 4
416 4
416 2
415 3
414 4
412 2
412 4
412 3
411 3
411 3
410 2
410 4
407 3
406 1
405 1
403 3
401 4
400 4
399 1
398 3
396 2
395 2
395 2
395 4
394 2
393 1
392 2
392 2
392 4
390 1
389 1
386 4
386 2
386 3
385 3
385 2
385 2
384 2
384 2
384 2
384 1
383 4
383 2
382 4
380 2
378 4
377 4
377 3
376 3
376 1
376 3
376 4
375 1
373 3
372 3
371 3
370 1
370 3
368 3
365 2
364 3
364 1
364 3
364 4
363 1
363 3
363 1
362 2
362 3
362 4
362 4
361 4
360 2
359 1
358 3
358 2
358 3
357 3
357 2
357 3
357 2
356 4
355 2
354 2
354 3
354 3
354 2
353 1
352 1
351 3
351 1
351 3
351 3
351 4
350 1
350 1
349 2
346 2
340 1
340 2
334 2
334 2
332 3
332 2
331 4
331 4
330 4
330 4
330 1
329 1
329 2
329 1
328 4
328 2
328 3
327 4
327 3
326 1
325 2
325 1
323 3
323 1
322 2
322 2
321 4
321 2
320 4
320 3
320 3
320 2
318 2
318 3
318 3
318 1
318 4
317 3
317 4
316 1
315 3
315 1
315 4
315 1
315 2
315 3
314 3
314 2
313 4
313 2
312 2
312 2
311 2
311 2
311 4
310 3
309 4
309 3
308 4
307 3
307 3
306 1
306 3
306 1
305 3
304 3
304 4
304 4
303 1
303 1
303 3
303 1
302 3
302 1
301 4
301 4
301 2
301 4
301 4
300 2
299 3
297 3
297 1
297 1
296 4
296 1
295 3
295 1
294 1
294 3
294 3
293 3
293 4
293 2
293 2
293 3
292 3
292 3
292 1
292 2
292 2
292 3
292 1
291 3
291 1
291 4
291 4
290 4
290 1
290 2
290 3
290 4
288 1
288 3
288 2
287 1
286 4
286 1
286 2
285 4
285 3
285 1
284 2
284 3
284 2
284 1
284 3
283 4
283 4
283 2
282 2
282 1
282 1
282 2
281 4
281 2
281 4
281 4
280 4
280 4
280 2
279 3
279 4
279 2
279 1
279 1
278 4
278 3
278 2
278 4
277 3
277 3
277 4
276 4
276 3
276 4
276 2
276 3
276 2
275 2
275 3
275 1
274 2
274 1
274 2
274 2
274 3
273 3
273 1
273 2
273 1
273 4
273 3
272 3
272 2
271 3
271 3
271 4
270 2
270 4
270 4
270 3
270 3
270 1
269 1
269 4
269 3
269 2
268 2
268 4
267 3
267 3
267 4
267 2
267 2
267 4
267 4
267 1
266 1
266 1
266 2
266 4
266 4
266 2
266 2
265 1
265 1
264 1
263 3
263 4
263 3
263 1
263 3
263 2
263 1
262 1
262 1
262 2
262 4
262 3
262 2
261 1
261 2
261 4
261 3
261 1
261 4
260 3
260 1
260 1
260 1
260 3
259 4
259 4
259 2
259 4
259 4
259 4
259 2
259 1
259 2
258 3
258 4
258 2
258 2
258 3
257 3
257 4
257 4
257 3
257 2
257 2
256 1
256 2
256 4
256 3
255 2
255 3
255 1
255 1
255 3
254 4
254 4
254 2
254 4
254 3
254 4
254 3
254 3
253 3
253 1
253 4
253 4
253 2
253 3
253 4
253 2
252 2
252 4
252 3
252 3
252 4
252 1
252 3
252 1
252 4
251 2
251 1
251 4
251 1
251 2
251 1
251 1
251 2
251 4
250 3
250 3
250 4
250 4
250 4
250 4
250 4
250 4
250 3
250 4
250 2
250 3
