501
7470 16
498 3
498 3
498 3
496 2
495 3
491 2
490 2
490 2
489 2
489 3
488 4
488 1
486 3
485 4
485 2
485 2
484 2
484 1
481 2
480 4
479 2
479 3
478 2
478 4
476 2
476 1
476 2
474 1
474 3
473 1
473 2
473 3
472 3
472 1
471 3
470 1
468 3
467 2
465 3
465 4
464 4
464 3
462 2
462 1
461 3
461 3
461 4
460 1
460 4
460 3
458 3
457 2
457 3
456 2
454 4
454 4
453 3
452 2
452 2
452 4
450 1
449 4
449 2
448 2
446 1
444 1
444 2
443 3
443 3
442 2
441 3
440 3
440 3
439 1
439 4
438 1
437 4
437 1
436 3
434 1
434 3
433 3
431 4
430 2
430 2
429 3
429 4
429 4
429 3
427 4
427 2
426 4
426 2
424 3
424 4
423 4
420 3
417 1
417 2
416 4
414 3
413 2
412 4
412 2
411 2
408 3
408 4
408 3
407 2
405 1
404 3
404 2
403 2
402 1
401 1
400 1
398 2
398 3
398 1
395 3
395 4
394 1
394 4
393 4
392 4
390 1
389 4
388 4
387 4
387 2
384 1
383 2
382 3
382 3
381 4
381 4
381 1
381 4
381 1
380 3
379 3
378 1
377 4
376 3
375 1
375 1
375 1
374 3
373 3
372 2
369 3
369 3
369 2
367 1
367 2
367 1
367 1
367 1
366 1
366 3
365 2
365 4
363 3
363 1
362 3
362 2
360 3
359 4
358 3
358 4
357 1
357 1
356 1
356 4
356 1
355 1
355 3
354 2
354 2
354 3
354 3
353 4
352 4
351 3
351 1
350 2
350 2
350 3
349 1
348 2
347 1
347 3
345 3
345 2
344 1
343 1
341 4
341 4
341 4
338 2
335 4
335 2
334 2
334 2
334 3
334 4
333 1
330 3
329 4
329 1
329 2
328 1
328 4
328 3
327 3
324 2
323 4
322 3
322 1
322 3
321 4
320 3
320 4
320 1
319 1
319 2
318 1
318 3
316 1
315 4
315 3
314 4
314 1
314 1
313 1
312 1
311 4
310 2
310 4
310 2
310 2
309 1
308 2
308 4
308 1
307 1
307 1
307 2
306 2
305 4
305 1
305 2
305 3
303 1
303 1
301 3
301 3
301 1
300 3
300 4
300 4
299 2
299 4
298 4
298 2
297 2
297 2
297 1
296 4
296 3
296 3
295 4
295 2
295 3
295 2
295 1
295 3
294 3
294 2
294 1
293 2
293 4
293 3
292 3
292 2
292 1
291 1
291 4
291 1
289 1
289 3
289 1
288 4
288 4
288 1
287 2
287 3
287 3
287 1
287 3
286 1
286 3
286 2
286 3
285 4
285 4
284 4
284 4
284 1
284 1
284 1
283 2
282 3
282 1
282 2
281 2
281 1
281 2
280 2
280 3
279 1
279 2
279 4
279 2
279 1
278 4
278 2
278 2
278 2
278 4
278 2
278 1
277 1
277 2
277 3
277 2
277 4
276 1
276 2
276 4
276 1
275 2
275 1
275 4
275 4
275 3
275 1
275 4
274 2
274 2
274 4
274 4
274 4
274 4
273 3
273 1
273 1
273 4
273 4
273 1
272 2
272 4
272 3
271 3
271 1
271 1
271 1
271 2
271 2
271 4
270 2
270 3
270 1
269 4
269 2
269 3
268 1
268 1
268 3
268 3
267 4
266 4
266 3
265 3
265 3
265 4
265 3
265 1
264 2
264 4
264 1
264 1
263 1
263 3
263 3
263 1
263 1
262 1
262 3
262 2
262 4
262 1
262 3
262 3
262 1
262 3
262 1
262 4
262 2
262 1
261 2
261 3
261 4
261 1
260 3
260 1
260 3
259 1
259 1
259 4
259 3
259 1
259 4
258 4
258 1
258 1
258 2
258 3
258 3
258 1
257 1
257 4
257 4
257 2
257 2
257 4
257 2
257 2
257 4
257 1
256 2
256 3
256 3
256 1
255 2
255 1
255 4
255 1
255 1
255 4
255 1
255 2
255 1
255 1
254 4
254 4
254 3
254 2
254 4
254 4
254 2
254 4
253 1
253 1
253 4
253 4
253 1
253 1
253 3
253 1
253 4
253 4
253 3
252 2
252 4
252 3
252 1
252 3
252 1
252 2
252 3
252 4
251 3
251 2
251 1
251 2
250 3
250 2
250 1
250 4
250 1
250 4
250 3
250 4
250 3
250 1
250 2
250 3
250 1
250 1
250 3
