120
1500 16
100 1
100 3
99 4
99 3
98 3
98 2
97 4
97 3
96 4
96 1
95 3
95 3
95 3
92 3
91 1
91 4
91 3
90 2
90 4
90 2
89 2
88 2
88 1
84 3
84 1
84 2
84 2
83 3
82 1
81 1
81 3
81 4
81 2
80 3
78 4
77 4
77 4
76 2
74 4
74 4
73 2
73 4
72 3
71 3
71 4
69 2
69 4
66 4
66 4
66 4
65 1
64 3
63 2
63 4
62 1
61 1
61 3
61 1
60 2
60 2
59 4
57 4
56 3
56 1
55 1
55 1
55 3
54 3
53 4
53 3
53 1
52 3
52 1
51 1
51 3
51 2
50 4
50 1
47 2
47 4
45 3
45 4
44 3
43 2
42 4
41 4
41 3
40 4
40 3
39 1
39 2
39 1
38 2
38 2
38 3
37 4
36 4
33 2
33 1
32 3
32 1
32 3
31 2
30 1
30 2
29 3
29 4
28 1
28 2
28 3
26 4
25 3
24 2
22 3
22 3
22 1
22 2
20 4
20 3
20 3
