120
1500 16
100 2
99 2
99 2
99 4
99 2
98 4
98 1
97 3
97 4
97 4
97 2
97 1
96 4
93 3
92 2
92 4
92 2
92 3
91 1
90 2
90 1
90 2
90 3
89 1
88 1
88 1
88 4
87 4
86 4
86 2
84 2
84 4
83 2
82 1
82 2
81 3
81 3
80 2
79 1
79 4
78 2
78 1
78 1
77 4
76 4
76 2
74 1
73 3
72 1
71 3
69 2
69 1
68 4
67 1
67 2
66 1
66 3
65 4
65 2
64 1
63 3
63 3
63 1
62 1
60 3
60 4
59 4
59 2
59 4
58 2
56 2
56 1
55 4
55 4
54 1
54 4
52 2
52 3
52 1
52 3
52 1
51 3
51 1
51 2
50 3
50 3
50 3
48 3
46 4
45 4
45 4
45 1
44 3
44 2
43 3
42 2
40 2
39 3
39 2
38 1
38 1
37 3
35 3
34 3
34 1
34 3
34 1
32 4
30 3
30 3
30 3
29 3
29 2
28 2
26 4
26 3
23 2
22 2
21 4
20 2
