120
1500 16
100 3
99 2
99 3
98 1
98 1
98 3
97 1
97 1
95 2
94 2
94 2
93 2
91 1
91 2
91 2
91 2
90 2
90 1
90 3
89 3
89 4
88 3
85 4
84 3
83 2
83 2
81 3
80 1
79 2
79 2
79 2
79 4
78 2
78 4
78 2
78 3
78 4
78 2
77 2
77 1
76 2
76 2
75 1
75 1
73 2
70 4
69 1
68 2
67 4
66 3
65 4
65 2
65 2
64 1
64 3
63 3
62 3
62 3
61 4
61 3
61 3
60 2
60 2
59 3
59 4
59 1
58 1
58 3
57 3
57 4
57 4
55 3
54 4
54 1
52 1
52 3
51 1
50 2
50 1
50 1
49 1
47 4
45 1
41 3
41 3
41 3
40 4
40 3
38 2
38 2
38 4
37 4
36 2
36 3
35 1
35 1
35 3
35 4
35 3
35 1
33 4
31 4
30 1
28 4
28 1
28 1
27 1
27 4
27 1
27 4
26 1
24 4
24 1
23 1
23 1
22 2
22 2
22 2
21 3
21 2
