120
1500 16
100 4
100 1
99 2
98 4
97 4
97 4
97 4
97 1
95 1
94 3
92 4
92 4
91 1
91 2
91 2
90 1
88 1
88 2
88 1
87 2
87 3
85 2
84 2
84 1
84 4
83 3
82 3
82 3
82 2
81 2
80 1
80 1
79 3
79 2
78 4
78 4
78 3
78 4
78 2
77 2
75 2
72 2
72 1
72 4
70 3
70 2
69 4
68 4
67 1
67 3
67 3
66 1
64 3
62 3
60 4
60 1
60 3
58 4
58 2
56 4
56 2
56 2
56 2
55 3
55 3
54 4
53 1
53 2
53 3
52 4
51 2
50 1
48 3
48 2
48 1
47 2
47 4
46 2
46 2
45 1
45 4
44 4
44 3
44 2
42 3
42 3
41 1
41 3
40 2
39 3
39 3
38 2
37 1
37 2
36 1
36 2
34 3
34 3
34 3
32 3
32 4
32 3
32 3
31 3
31 3
30 1
27 4
27 3
27 1
26 1
26 3
25 2
24 4
24 2
23 2
21 2
21 2
21 4
20 2
20 3
