120
1500 16
100 2
100 2
98 1
97 3
97 3
96 2
94 2
92 4
92 2
91 1
91 3
90 4
90 2
90 1
88 4
85 1
84 2
84 2
84 2
83 1
81 1
81 3
80 1
80 1
80 4
80 1
79 4
79 4
79 2
76 3
76 2
75 1
75 2
74 3
73 2
70 4
69 3
69 1
68 4
68 2
67 4
67 1
67 1
67 4
66 3
66 4
66 2
65 4
64 1
64 4
64 4
64 1
64 3
62 2
62 4
61 2
61 1
60 2
59 3
59 1
57 2
53 4
53 1
51 3
51 1
50 1
50 1
48 4
48 1
48 3
47 4
46 3
46 2
46 3
45 2
45 4
44 2
42 2
42 1
41 1
41 2
40 3
38 2
38 2
38 3
37 3
37 4
37 3
37 4
36 1
36 4
35 1
35 3
34 2
34 3
33 1
32 3
32 3
32 3
31 4
31 3
30 3
29 4
29 3
29 3
29 2
28 4
28 1
27 4
26 4
26 1
25 3
24 1
24 1
23 3
23 2
22 1
21 4
21 3
20 2
