250
1500 16
100 4
100 3
100 3
100 1
100 2
99 3
99 3
99 4
98 1
98 2
97 1
97 2
97 1
97 3
97 3
97 4
96 3
96 3
96 1
96 3
96 4
95 1
95 2
94 1
94 1
94 3
93 2
93 1
92 3
92 3
92 2
92 3
92 1
91 1
91 2
91 4
91 2
91 1
90 4
90 4
89 4
89 1
89 4
89 4
89 4
88 2
88 4
88 1
88 3
88 4
88 3
87 3
87 1
87 4
87 4
87 1
87 4
86 2
86 2
85 1
85 4
85 3
84 4
83 4
83 3
83 4
83 4
82 3
82 3
82 3
82 2
82 2
82 2
81 4
81 2
81 1
80 3
80 1
79 2
79 4
78 1
77 3
76 3
76 3
75 3
75 3
75 3
75 4
74 1
74 4
74 3
74 4
74 1
74 4
73 4
73 3
73 2
73 4
72 3
72 2
72 3
71 4
71 3
71 3
71 3
70 4
70 4
70 2
70 3
69 4
69 3
68 2
67 1
67 1
65 4
65 1
65 3
65 3
64 1
64 1
64 4
64 2
63 2
63 1
63 1
63 1
63 4
63 2
63 1
62 1
62 1
62 1
61 1
61 3
61 4
60 3
59 4
58 4
58 1
57 2
57 1
56 3
56 3
56 3
56 2
56 3
55 4
55 1
55 4
55 3
55 2
54 1
54 4
54 1
54 2
53 1
53 2
53 2
53 1
52 2
52 1
52 2
51 3
51 3
50 4
50 4
50 1
50 3
50 4
49 3
49 3
49 3
49 4
49 2
49 2
49 4
49 4
48 4
48 2
48 1
48 4
48 2
47 1
46 1
46 3
45 1
44 2
44 4
44 2
44 1
44 1
44 4
43 4
43 4
43 1
42 4
41 3
41 2
41 2
40 2
40 3
39 2
37 2
37 3
37 4
37 2
36 3
36 2
36 4
35 1
35 3
35 1
34 2
34 2
33 4
33 4
33 1
32 4
32 2
32 1
31 1
31 3
31 3
30 1
30 1
29 4
29 4
29 3
28 4
28 1
27 1
26 4
26 2
26 3
26 2
26 1
25 4
25 1
25 2
25 3
24 4
24 4
24 2
24 4
23 4
23 1
21 2
21 2
20 4
20 4
