250
1500 16
100 1
100 1
99 4
98 3
98 3
98 3
97 3
97 3
97 4
96 4
95 4
95 2
94 3
94 2
94 3
93 3
92 1
92 4
92 1
92 4
92 2
92 3
92 2
91 1
91 1
91 4
91 2
91 4
90 3
90 2
90 1
90 2
90 2
90 2
89 3
89 1
89 1
89 4
88 1
88 4
88 2
88 2
88 3
87 3
87 2
86 3
86 2
86 1
85 2
85 1
84 2
83 4
83 3
83 3
82 4
82 1
82 2
82 3
82 4
81 2
81 3
81 3
80 1
80 1
79 3
79 4
79 3
77 3
77 2
76 4
76 2
76 1
76 4
76 1
75 2
75 1
75 4
75 1
74 3
74 1
74 3
74 3
74 4
74 3
74 2
73 3
73 2
72 3
72 2
72 1
70 2
70 2
69 1
69 4
69 2
69 4
68 4
68 4
67 4
67 4
67 4
66 2
66 3
66 2
66 1
66 2
66 4
65 3
65 1
65 3
65 3
65 3
64 4
64 1
64 4
63 2
62 1
62 3
62 4
62 4
62 1
62 3
61 3
61 3
60 4
60 1
60 1
60 4
59 2
59 4
59 2
59 3
59 4
58 4
58 2
58 1
58 3
58 3
57 2
57 4
57 4
57 1
57 4
56 1
55 4
55 4
54 4
54 2
54 3
54 4
54 1
52 3
52 1
52 3
52 4
52 3
52 1
52 4
51 2
51 1
51 4
50 4
50 2
50 1
49 4
49 1
49 1
48 1
48 4
46 3
46 2
46 1
46 3
45 4
45 2
45 1
45 1
45 4
45 2
44 3
44 1
44 2
43 4
43 3
42 2
42 1
41 2
40 4
40 1
40 4
40 3
40 4
40 1
40 3
39 2
39 3
39 3
39 2
39 1
38 2
38 4
38 3
37 4
37 1
37 3
37 1
36 2
36 3
35 4
34 4
34 2
34 1
34 2
33 2
33 3
33 4
33 3
32 1
32 2
31 2
31 4
30 3
30 1
29 3
29 3
29 1
28 4
28 2
27 3
27 1
26 3
26 1
26 4
25 3
23 3
23 2
22 3
22 3
22 3
22 2
21 1
21 4
21 2
21 3
21 4
20 1
20 2
20 1
20 4
20 4
