250
1500 16
100 3
100 2
100 2
99 2
98 2
98 4
97 4
97 2
97 2
97 4
97 2
97 1
96 1
96 2
96 2
96 3
95 1
95 3
95 3
95 2
94 2
94 4
92 4
92 4
92 1
91 1
91 1
91 4
91 4
91 3
90 1
90 3
90 2
90 4
90 1
90 3
89 4
89 2
88 4
88 1
87 1
87 2
86 2
86 1
86 1
85 2
85 4
84 4
84 1
84 2
84 2
84 2
84 4
84 4
83 3
83 4
82 1
82 2
81 3
81 4
81 3
80 2
80 1
80 4
80 2
80 2
80 1
80 1
79 3
79 1
79 2
79 1
78 1
78 1
77 3
76 3
76 1
76 1
76 1
75 4
75 1
75 4
74 4
74 1
74 2
73 2
73 2
73 4
73 1
71 2
71 4
71 1
71 4
70 1
70 4
70 4
69 1
68 3
68 3
68 2
67 1
67 1
67 1
67 1
67 1
66 2
66 1
66 3
66 1
65 2
65 4
64 4
64 1
64 2
64 4
64 3
63 4
63 1
63 3
62 1
62 4
62 4
61 4
61 4
61 3
60 2
60 2
59 1
59 2
59 4
58 3
58 4
57 4
57 3
57 3
56 4
56 2
54 2
54 1
54 2
53 1
53 2
53 1
52 1
51 1
51 2
50 1
50 1
49 2
48 4
48 2
48 1
48 2
47 2
47 1
47 1
46 1
46 2
46 2
46 3
46 3
46 1
45 3
45 4
45 1
45 3
45 1
44 2
44 1
43 1
43 2
42 3
42 3
42 4
42 4
42 2
41 2
41 1
40 1
40 2
40 1
40 3
39 1
38 3
38 3
37 3
37 4
37 1
37 2
37 3
37 2
36 4
36 4
35 4
35 3
35 3
35 2
35 1
35 1
35 4
34 1
34 2
34 3
34 4
33 4
33 4
32 2
32 3
32 1
32 1
31 1
31 4
31 1
30 2
30 1
30 3
29 1
29 1
29 1
29 2
29 4
29 4
28 2
28 4
28 3
27 4
27 3
27 4
27 3
26 4
26 2
26 2
26 3
26 3
25 3
25 1
25 2
25 2
25 3
24 2
24 3
24 3
23 2
22 2
22 3
21 1
21 2
21 4
21 4
20 4
