250
1500 16
100 1
100 2
100 1
100 4
100 1
99 1
99 3
99 4
99 2
99 3
99 2
97 2
97 4
96 3
96 3
95 2
95 1
94 4
94 4
94 1
94 4
94 2
94 3
94 4
94 2
93 2
93 1
93 4
92 3
92 2
92 3
92 2
91 4
91 2
91 4
91 2
91 3
91 1
90 1
89 1
89 4
89 4
88 1
88 4
88 3
88 2
87 1
87 4
87 1
87 3
86 3
86 1
86 4
85 3
85 3
85 1
85 2
84 1
83 3
83 4
83 4
83 1
83 2
83 3
83 2
82 3
81 2
81 2
81 3
81 3
81 4
80 3
80 2
80 3
80 4
80 4
79 1
79 1
78 1
78 1
78 2
78 1
78 4
77 3
76 2
76 1
75 4
74 4
74 4
74 4
74 3
74 4
73 4
73 3
73 4
72 2
72 1
72 3
72 4
71 4
71 2
71 3
70 1
70 3
70 2
70 1
69 2
69 3
68 3
68 1
67 2
67 4
66 4
66 1
66 1
66 1
65 4
65 2
65 3
64 2
63 1
63 3
62 2
62 2
62 1
61 1
61 1
61 4
61 1
60 2
60 4
59 1
59 1
59 3
59 2
59 3
59 3
58 1
58 3
58 3
58 1
57 1
57 3
57 3
57 3
56 2
56 4
56 2
56 2
56 2
55 1
55 2
55 3
55 3
55 1
54 4
54 3
54 3
54 1
54 2
53 3
53 4
53 3
52 4
52 2
52 3
52 1
51 3
51 4
51 2
51 1
49 1
49 4
48 3
48 1
48 3
48 1
47 4
46 3
46 2
46 1
45 2
44 1
44 2
44 4
44 3
44 2
43 3
43 2
43 4
43 3
43 3
42 4
42 1
42 1
41 4
41 1
41 3
41 3
41 2
40 3
40 2
40 3
40 1
39 2
39 2
38 1
38 1
38 1
37 4
37 1
37 4
37 2
35 3
35 1
35 1
34 2
34 4
34 1
34 2
33 3
32 4
31 1
31 4
30 1
29 2
29 1
29 4
29 4
28 3
28 3
26 1
26 1
25 2
25 3
25 1
25 3
24 1
24 1
24 1
23 4
22 2
22 4
22 2
22 3
22 2
21 1
21 4
20 1
20 1
