250
1500 16
100 1
100 2
100 3
99 4
99 2
98 4
98 3
97 4
97 2
97 2
97 3
97 2
96 2
96 2
96 2
96 1
95 2
95 4
95 4
95 3
94 4
94 3
94 4
94 2
94 1
93 3
93 4
92 4
92 1
91 4
90 1
89 3
89 4
89 4
89 1
89 1
89 2
88 3
88 1
87 4
87 2
86 3
86 4
85 1
85 4
84 2
83 1
82 1
82 1
82 3
81 4
81 1
81 1
81 1
80 4
80 1
80 2
80 2
80 3
79 2
79 1
79 2
78 4
78 4
77 3
77 4
77 3
77 4
77 3
76 2
76 1
76 3
75 4
75 2
74 4
74 4
74 4
74 2
74 4
74 4
74 3
74 4
73 2
73 1
73 2
72 2
72 2
72 1
72 1
72 1
71 4
71 2
71 3
71 4
71 2
70 4
70 3
69 3
69 2
68 2
68 2
67 3
67 2
67 2
66 3
65 1
65 4
65 4
65 4
65 4
64 2
64 4
64 2
63 2
63 3
63 4
63 1
63 3
63 3
62 4
62 1
62 3
62 2
61 4
61 2
61 3
60 3
60 1
60 2
59 2
59 4
59 2
59 4
58 1
57 1
57 2
57 4
56 4
56 4
55 1
55 3
55 1
55 1
55 2
54 2
54 2
54 4
54 3
53 4
53 4
53 3
53 2
52 3
52 1
52 3
52 4
52 2
52 3
52 1
52 1
51 2
51 3
51 4
50 4
50 3
50 2
50 2
49 2
49 3
48 4
48 2
48 1
48 4
47 2
47 1
47 3
46 1
46 4
46 1
46 4
45 2
45 1
45 1
44 4
44 4
43 3
43 3
42 1
42 3
42 2
42 3
41 4
41 2
41 3
41 4
40 4
40 3
40 3
40 4
39 3
39 2
39 3
39 2
38 4
38 1
37 3
37 2
37 4
37 3
36 4
36 3
36 4
36 3
36 2
36 1
35 2
35 1
34 1
33 1
32 2
31 2
31 1
30 2
30 1
30 3
30 1
30 4
30 3
29 3
29 2
28 3
27 1
27 1
26 4
26 4
25 4
25 3
25 2
24 1
24 1
23 1
23 2
23 4
23 1
23 4
22 3
22 2
21 2
21 3
20 2
