250
1500 16
100 3
100 4
100 2
100 2
100 1
99 1
99 2
99 1
99 3
98 2
98 1
98 2
98 2
98 2
98 4
98 1
97 2
97 3
97 2
97 3
97 3
97 1
96 3
96 2
96 1
95 2
95 1
95 3
95 2
95 3
95 4
95 4
95 4
94 2
94 1
94 4
94 2
93 2
93 1
92 2
91 4
91 1
91 2
90 2
90 3
90 3
89 1
89 2
89 1
89 1
88 3
88 2
88 1
87 3
87 3
87 1
87 3
86 4
85 1
85 3
85 2
84 3
84 4
84 1
84 3
82 4
82 4
82 1
82 4
82 4
81 4
81 1
81 2
81 4
80 1
80 3
79 4
79 2
78 1
78 1
77 2
76 3
76 4
75 3
75 2
75 2
74 2
74 3
74 1
73 2
72 1
72 3
71 1
71 4
71 1
71 1
70 1
70 4
70 2
70 4
69 1
68 2
68 2
68 3
68 3
67 4
67 3
67 1
67 2
67 3
66 1
66 1
66 4
66 2
65 3
65 1
65 1
64 4
64 4
64 2
63 2
63 1
63 1
63 1
62 3
62 4
62 4
62 4
61 4
61 1
61 4
60 2
60 2
59 2
59 4
59 2
58 1
58 2
58 3
58 2
58 2
57 3
57 3
57 3
57 2
57 3
57 2
57 1
56 2
56 3
55 1
55 4
55 1
55 1
54 4
54 2
54 2
54 3
53 3
52 2
51 3
51 1
51 1
51 2
50 3
50 4
50 3
50 4
49 1
49 2
49 3
49 2
48 4
48 2
47 3
47 3
47 4
47 1
47 3
46 1
46 1
46 1
46 3
45 2
45 4
45 3
44 2
44 2
44 1
44 2
43 2
43 4
43 4
43 3
43 2
43 1
42 1
42 3
42 2
42 4
41 4
41 2
40 4
40 1
38 4
38 3
38 3
37 3
37 3
36 3
36 3
34 2
34 3
33 1
33 4
33 2
33 2
33 2
32 2
32 1
32 2
31 3
31 1
31 3
30 3
30 1
29 2
29 2
29 2
29 1
29 4
28 2
28 3
27 1
27 4
27 2
27 3
27 2
26 4
26 4
26 4
26 2
24 4
23 3
22 1
22 2
22 2
22 3
20 4
20 1
