250
1500 16
100 4
100 3
100 4
100 4
99 4
98 4
98 1
98 1
98 2
97 1
97 1
96 4
96 4
95 2
95 4
95 3
95 1
94 1
94 2
94 1
94 2
94 1
93 2
93 3
93 1
93 2
93 3
93 3
92 1
92 1
91 2
90 2
90 2
90 2
89 1
88 3
88 3
88 4
88 3
88 1
87 1
87 1
87 4
86 4
85 4
84 3
84 4
83 3
83 3
83 4
83 1
82 4
82 1
82 1
82 4
82 4
81 4
81 2
80 2
80 1
79 4
79 4
79 4
79 3
79 2
79 4
79 4
78 2
78 3
78 1
78 4
77 1
77 1
77 4
77 1
77 2
77 3
76 2
76 2
76 2
75 2
75 2
75 2
75 2
75 1
75 2
74 4
74 4
74 4
74 3
74 1
73 4
73 1
73 1
73 3
72 4
71 1
71 2
70 3
70 4
70 4
69 1
68 4
68 1
68 3
68 3
67 3
65 4
65 3
65 3
65 2
64 2
64 2
63 3
63 2
63 2
63 3
62 3
62 3
61 3
61 1
61 1
60 2
60 4
59 4
59 1
59 3
59 3
59 1
58 2
56 2
56 4
56 3
56 1
56 2
55 3
54 3
54 1
54 3
53 3
53 2
53 1
52 1
52 4
51 2
51 1
51 3
51 3
51 2
50 4
50 3
49 2
49 2
49 4
49 2
49 4
48 4
48 3
48 4
47 4
47 2
47 3
47 2
47 3
47 1
46 1
46 4
45 4
45 2
45 2
44 3
44 3
44 4
44 1
44 1
43 2
43 2
43 2
43 2
43 4
42 3
42 3
42 2
41 2
41 1
41 2
40 4
40 1
39 4
38 3
38 2
38 1
37 4
37 2
37 1
37 3
36 4
36 2
36 3
36 4
36 4
35 3
35 2
34 1
34 3
33 3
33 1
32 2
32 3
31 4
31 4
31 3
30 4
29 4
29 4
28 3
28 3
28 2
28 2
27 2
26 2
26 4
26 1
25 3
25 1
25 2
25 3
25 3
25 3
24 3
23 3
23 4
23 3
23 2
23 3
23 2
22 2
22 3
22 4
22 4
22 4
22 3
21 4
21 3
21 4
21 3
21 3
20 1
20 3
20 2
