250
1500 16
100 4
100 1
100 2
99 4
99 4
98 3
98 2
98 4
98 1
98 4
98 3
98 4
98 1
97 4
97 2
97 3
96 4
96 4
95 1
95 1
95 4
94 4
94 4
93 2
93 1
92 1
92 1
92 1
91 4
91 4
90 3
90 4
90 2
88 4
88 4
87 3
86 2
85 4
85 2
85 3
84 4
84 3
84 1
84 1
84 3
83 1
83 4
82 1
82 4
82 3
81 3
81 3
81 4
81 2
80 3
80 1
80 1
80 4
80 2
80 3
79 3
79 4
79 1
79 2
78 1
78 1
78 3
78 3
78 4
78 4
76 2
76 2
75 2
75 4
74 1
74 3
74 4
73 4
73 3
73 2
73 4
72 1
72 1
72 1
71 3
71 4
70 4
70 2
70 2
70 2
70 2
70 1
69 2
69 1
69 1
69 3
68 3
67 4
67 4
67 1
67 1
67 1
66 2
66 3
66 3
65 4
65 3
64 1
64 2
62 1
62 4
62 3
61 1
61 2
60 2
60 1
60 2
60 4
60 3
60 2
59 1
59 4
58 3
58 1
58 4
58 1
57 2
57 3
57 3
57 2
57 3
57 1
57 4
55 1
55 2
55 1
55 3
55 1
53 4
53 1
53 3
53 4
53 1
53 2
52 3
52 1
50 2
50 2
49 2
49 4
49 2
49 2
49 3
48 3
48 3
47 1
47 1
47 3
47 1
46 2
46 1
46 2
46 2
45 2
45 1
45 4
45 3
45 1
44 3
44 1
44 1
43 2
43 2
43 4
43 4
43 2
43 4
43 4
42 3
42 3
42 1
42 4
42 3
42 4
41 3
41 4
41 3
41 4
39 1
39 3
39 4
39 2
39 3
38 3
38 1
38 1
38 1
38 2
38 1
37 3
37 1
36 4
36 2
36 1
36 2
36 2
36 4
35 1
35 2
33 3
33 2
33 3
33 3
32 3
32 4
32 1
32 2
30 2
30 4
30 2
30 2
30 3
29 3
29 3
29 1
28 2
27 1
27 1
27 3
27 1
27 2
26 4
25 2
25 4
25 2
24 3
24 1
24 2
23 4
23 1
23 1
23 1
23 1
22 2
22 3
22 1
20 3
20 3
20 3
20 1
