250
1500 16
100 2
100 4
100 4
100 3
100 2
99 2
99 3
99 3
98 2
97 4
97 4
97 2
97 3
97 2
96 1
96 1
96 4
96 1
95 4
95 4
95 2
95 3
95 4
95 4
95 1
94 3
93 3
92 4
92 1
92 3
92 2
92 3
92 3
91 3
91 4
90 1
90 4
90 1
90 1
90 4
90 4
90 4
89 3
88 4
87 2
87 1
87 1
87 3
87 1
87 2
86 3
86 2
85 4
84 4
84 2
84 2
83 4
83 3
83 4
83 1
82 1
82 2
82 3
82 3
82 4
81 3
81 1
80 4
80 2
80 4
80 2
80 1
79 1
78 3
78 4
78 4
78 2
77 1
77 2
76 2
75 4
75 4
75 4
74 4
73 2
73 2
73 1
73 1
72 1
72 2
72 3
71 3
71 2
70 1
70 3
70 1
69 4
69 4
68 3
68 2
68 2
68 1
67 3
67 1
67 1
66 3
66 2
66 2
66 2
65 1
65 1
64 2
64 1
63 3
63 3
63 4
62 3
62 4
62 4
61 1
61 4
61 1
61 4
61 1
61 4
60 1
60 3
60 3
59 1
59 2
58 3
57 1
57 2
56 1
56 2
56 2
56 1
56 2
56 4
55 3
55 1
55 1
54 4
54 2
54 1
54 1
53 4
53 3
52 2
52 2
52 4
51 3
51 3
51 4
51 4
50 2
49 2
49 1
49 1
48 4
47 3
46 4
46 1
45 1
45 3
45 1
45 1
45 3
44 3
44 1
44 2
44 4
43 1
43 3
42 1
42 3
42 1
42 1
42 3
42 1
41 2
41 4
41 1
41 2
41 4
40 3
40 2
40 1
40 2
39 3
39 2
39 1
38 1
38 2
37 3
37 2
37 3
36 4
36 3
36 1
35 2
35 4
35 1
35 4
35 4
35 3
34 4
34 4
33 2
33 3
33 3
33 2
32 2
32 1
32 1
32 3
32 2
31 1
30 4
30 1
29 2
29 4
29 1
29 2
29 4
27 4
27 1
27 4
27 4
26 3
26 4
26 2
26 2
26 3
25 2
25 2
25 3
25 3
25 1
25 2
24 1
23 3
23 2
22 3
21 4
21 3
20 2
20 3
20 4
20 1
