250
1500 16
100 3
100 2
100 2
99 1
99 2
99 3
99 3
99 1
99 4
98 3
98 3
97 2
97 4
97 1
97 4
97 3
96 1
96 2
96 3
96 1
95 2
95 1
95 4
95 4
95 1
94 3
94 4
94 3
94 4
94 2
93 3
93 3
92 2
91 4
90 2
90 4
90 3
90 1
90 1
90 1
90 1
89 4
89 3
88 4
88 1
87 1
87 3
87 4
85 4
85 1
84 2
84 4
84 3
84 4
83 1
83 1
82 1
82 3
81 1
81 3
81 3
80 4
80 1
80 1
79 2
79 4
79 4
78 3
78 4
78 2
77 3
77 2
77 3
77 3
77 3
77 2
77 1
75 2
75 1
75 3
75 2
74 4
74 1
74 3
73 3
73 1
73 4
73 2
72 4
72 4
72 4
71 2
71 4
70 2
70 1
70 1
70 3
68 1
68 3
67 1
67 1
67 1
67 1
66 4
66 1
66 4
66 3
65 1
65 4
64 2
63 1
62 1
62 4
62 1
61 4
61 2
61 2
60 2
60 2
60 3
59 3
59 2
59 4
59 1
59 3
59 4
58 2
58 4
58 2
58 3
58 1
58 2
58 4
57 4
57 1
57 2
56 1
56 3
56 1
55 2
55 3
55 3
55 3
55 4
55 1
54 2
54 3
53 2
52 1
52 2
50 3
50 4
50 1
50 1
49 3
49 2
49 3
49 3
49 2
49 4
48 1
48 2
48 1
48 4
48 1
48 3
47 3
47 3
46 2
46 2
46 1
46 4
46 1
45 4
45 2
44 4
44 2
42 3
42 1
41 1
40 4
40 1
40 1
39 1
39 3
39 1
38 2
37 3
37 3
37 3
36 2
35 3
35 3
35 3
35 3
34 2
34 1
34 1
34 1
33 1
33 4
33 4
33 3
33 1
33 2
32 4
32 2
31 3
31 1
31 1
31 2
31 3
31 3
31 3
30 4
30 3
30 2
29 1
29 1
28 3
28 4
28 3
28 4
28 3
27 1
27 2
27 3
27 1
26 2
26 1
25 4
25 4
25 1
24 3
24 4
24 2
24 4
24 2
23 2
23 1
23 1
22 3
22 3
22 1
21 4
21 2
21 4
21 2
20 2
20 3
