250
1500 16
100 4
100 1
100 3
100 4
100 3
99 2
99 1
98 3
98 4
98 1
97 4
97 3
97 1
97 2
96 1
96 2
96 1
96 3
94 1
94 3
93 2
93 4
93 1
93 2
92 1
92 4
91 1
90 4
90 1
89 3
89 1
89 3
88 4
86 4
86 1
85 3
85 2
84 1
84 3
84 1
83 4
83 2
82 3
82 1
82 3
82 1
82 1
81 4
81 3
80 3
80 3
80 4
80 1
79 1
79 3
79 2
79 1
78 2
78 4
77 2
77 2
77 1
77 1
76 4
76 1
76 1
75 1
75 3
75 4
75 4
75 3
74 1
74 4
74 1
74 2
74 4
73 4
73 4
72 4
72 3
72 1
72 4
72 1
72 1
72 2
71 2
71 3
71 4
70 2
68 2
68 4
68 4
68 2
68 2
68 2
68 2
68 3
68 4
68 1
67 1
67 1
67 1
67 2
67 1
67 3
67 4
67 4
67 3
66 1
65 2
64 2
64 2
64 3
64 1
63 1
63 1
63 2
63 1
63 2
62 3
62 3
61 2
61 1
59 4
58 2
58 3
57 3
57 4
57 2
57 4
57 1
57 2
56 1
56 4
56 2
56 3
56 3
56 1
55 1
55 2
55 4
55 3
55 4
55 4
54 3
53 4
53 2
53 1
52 4
52 2
51 4
51 3
51 3
51 3
50 1
50 4
50 1
50 4
50 3
50 4
49 2
49 4
49 4
49 1
48 3
48 3
47 2
47 3
47 4
47 3
47 4
46 2
45 1
44 2
43 3
43 1
43 3
43 3
43 2
42 3
42 3
42 3
42 1
42 1
42 1
41 4
41 2
40 3
40 2
40 3
40 3
40 1
40 1
39 4
39 3
39 1
39 4
38 1
38 1
38 3
38 3
37 3
37 3
37 3
36 3
36 3
36 1
35 4
35 1
35 4
35 1
34 2
33 4
33 2
32 1
32 1
32 2
32 4
31 3
31 3
31 2
31 1
31 4
31 4
30 1
30 3
30 4
30 1
28 2
27 2
27 1
27 2
26 2
25 1
25 1
24 4
24 3
24 3
24 4
23 4
23 1
22 4
21 4
21 1
21 4
21 3
21 4
21 4
21 1
20 2
