500
1500 16
100 2
100 3
100 1
100 3
100 3
100 1
99 4
99 4
99 1
98 3
98 3
98 3
98 3
97 3
97 4
97 1
97 2
97 4
97 2
97 1
96 2
96 1
96 1
96 1
96 3
96 4
96 4
95 1
95 4
95 4
95 4
95 1
95 4
95 1
94 4
94 4
94 2
94 4
94 4
93 4
93 1
93 4
93 2
93 2
92 2
92 4
91 1
91 2
90 2
90 3
89 4
89 4
89 3
89 1
89 1
89 3
88 4
88 4
88 3
88 4
88 4
87 3
87 1
86 4
86 3
86 3
86 1
86 1
86 1
86 1
86 4
86 4
85 3
85 3
85 3
85 2
85 3
85 1
84 1
84 2
84 1
84 2
84 1
84 2
83 3
83 3
83 4
83 4
83 4
83 2
83 3
83 2
82 2
82 1
82 3
82 2
82 4
82 2
82 2
82 1
82 3
81 3
81 2
81 1
81 2
81 1
81 1
81 1
81 2
81 2
80 2
80 1
80 1
80 4
80 4
80 1
80 1
80 1
79 1
79 1
79 1
79 2
79 2
79 2
79 3
79 4
78 1
78 2
78 1
78 4
77 2
77 3
77 4
77 3
77 2
77 2
77 3
77 2
76 1
76 2
76 3
76 4
75 3
75 2
75 3
75 1
75 4
75 2
75 1
74 1
74 1
74 1
74 4
74 3
74 1
74 4
74 1
74 1
74 3
74 3
73 1
73 4
73 4
73 1
73 3
73 4
73 2
73 1
72 3
72 1
72 4
72 1
72 1
72 1
72 2
72 3
72 2
72 1
71 3
71 3
71 2
70 2
70 1
70 2
70 4
69 4
69 3
69 4
68 3
68 3
68 3
68 1
68 3
68 1
68 4
68 2
68 3
68 1
68 2
68 3
67 3
67 1
67 4
67 4
67 1
67 2
67 3
67 3
67 4
67 3
66 1
66 3
66 2
65 1
65 4
65 4
65 3
64 4
64 3
64 1
64 3
64 1
63 1
63 2
63 4
63 3
63 1
63 2
63 2
63 4
63 3
63 3
62 3
62 3
62 2
62 1
61 1
61 2
60 3
60 1
60 4
59 3
59 3
59 3
59 4
59 1
58 2
58 4
57 4
57 2
57 1
57 1
57 3
57 2
57 1
57 2
57 1
57 1
56 3
56 1
56 4
56 4
56 2
56 4
56 2
56 3
55 3
55 2
55 1
55 1
55 1
55 1
55 4
55 2
55 3
54 2
54 1
54 4
54 3
53 3
53 2
53 3
53 2
53 2
53 4
53 1
52 4
52 1
52 2
51 3
51 2
51 3
51 3
51 1
50 3
50 1
50 1
50 4
50 2
50 2
50 4
50 2
49 3
49 4
49 4
49 1
49 1
49 2
49 1
49 3
48 2
48 3
48 3
48 4
48 4
48 1
48 4
48 3
47 2
47 2
47 2
47 3
47 2
47 1
47 1
47 4
46 1
46 4
46 1
46 3
46 2
45 2
45 1
44 4
44 1
44 3
43 2
43 4
43 2
43 3
43 3
43 2
42 3
42 4
42 3
42 3
42 3
42 1
42 1
42 1
42 2
42 2
42 1
41 2
41 3
41 1
41 1
41 1
40 2
40 1
40 3
40 2
40 4
40 3
40 4
40 4
40 2
40 4
40 3
39 1
39 1
39 3
39 3
39 2
39 2
39 2
38 3
38 2
38 1
38 3
38 3
38 1
38 4
38 2
38 3
38 1
37 3
37 4
37 1
37 3
37 4
37 4
36 1
36 2
36 4
36 2
36 2
36 4
36 3
36 1
35 1
35 1
35 3
35 2
35 3
35 1
34 2
34 4
33 1
33 1
33 4
33 4
33 4
32 4
32 4
32 3
32 4
32 1
32 2
32 1
32 4
32 1
31 4
31 1
31 1
31 2
31 4
31 4
31 2
31 1
31 3
31 1
31 3
31 3
30 3
30 1
30 1
30 1
30 3
30 1
30 2
30 4
29 2
29 3
29 4
29 2
28 2
28 2
28 4
28 2
28 2
27 2
27 4
27 2
27 2
27 4
27 2
27 2
27 4
27 2
26 3
26 2
26 3
26 3
25 3
25 2
25 3
25 4
25 4
25 4
24 3
24 2
24 1
24 1
24 2
24 3
24 3
23 1
23 4
23 2
22 3
22 1
22 1
22 2
22 1
21 1
21 2
21 1
21 1
21 2
21 3
21 3
21 2
21 3
21 1
21 4
20 4
20 2
20 1
20 2
