500
1500 16
100 3
100 2
100 4
100 3
100 1
100 3
99 3
99 2
99 4
99 3
99 1
98 1
98 4
98 2
98 4
98 2
98 1
98 1
97 4
97 2
97 2
97 3
96 2
96 1
96 1
96 3
96 1
95 4
95 3
95 4
94 2
94 1
94 3
94 4
93 4
93 1
93 1
93 3
93 1
93 4
93 4
92 1
92 4
92 1
91 2
91 3
91 4
91 2
91 2
91 2
91 3
91 1
91 3
91 4
90 3
90 3
90 4
90 4
90 1
90 2
89 1
89 4
89 4
89 1
89 1
89 3
89 4
89 2
89 1
88 1
88 1
88 4
88 4
88 2
87 2
87 2
87 4
87 3
87 4
87 4
87 2
86 3
86 1
86 3
86 3
85 2
85 2
85 1
85 1
85 4
84 4
84 1
84 3
84 4
84 4
84 4
84 4
84 2
83 1
83 3
83 2
83 4
83 1
83 4
82 4
82 2
82 3
82 3
82 3
82 2
82 1
82 4
82 4
82 2
82 3
81 4
81 4
81 3
81 4
81 1
80 1
80 1
80 3
80 1
80 1
79 4
79 2
79 3
79 1
79 3
78 2
78 2
78 3
77 3
77 4
77 2
77 3
77 3
77 3
77 2
77 2
77 4
76 2
76 1
76 1
76 1
76 1
76 1
76 4
76 4
76 4
75 2
75 3
75 4
75 4
74 2
74 4
74 4
74 4
74 1
74 1
74 3
74 3
74 1
74 2
74 1
73 4
73 3
73 2
73 2
73 3
73 2
72 2
72 3
72 1
72 1
72 1
72 4
72 4
72 4
72 4
72 2
71 4
71 2
71 3
71 3
71 4
71 4
71 3
71 4
70 2
70 4
70 1
70 3
70 4
70 3
69 2
69 2
69 4
69 1
69 1
68 4
68 3
68 2
68 4
68 4
68 2
68 2
68 1
67 3
67 4
67 1
67 4
67 1
67 1
67 2
67 4
67 4
67 1
66 4
66 2
66 4
66 3
66 3
65 3
65 3
64 1
64 2
64 1
64 2
63 2
63 4
63 1
63 2
63 4
63 2
63 4
63 2
63 2
62 2
62 4
62 1
62 3
62 3
61 3
61 4
61 2
61 2
61 4
61 2
60 4
60 2
60 1
59 3
58 1
58 4
58 4
58 4
58 2
58 2
57 1
57 3
57 2
57 4
57 1
57 3
57 3
56 2
56 3
56 1
56 3
56 2
56 2
56 2
55 4
55 3
55 4
55 2
55 2
54 2
54 3
54 3
54 2
54 2
54 2
54 2
54 2
53 4
53 3
53 4
53 1
52 2
52 3
52 3
52 1
52 2
52 2
52 2
52 4
51 3
51 4
51 2
51 3
51 4
50 2
50 3
50 3
50 2
50 3
49 4
49 1
49 2
49 4
49 3
49 2
49 1
49 3
49 3
48 2
48 1
48 4
48 2
48 2
48 1
47 1
47 3
47 2
47 1
47 3
47 1
46 2
46 4
46 3
46 4
46 3
46 2
46 4
46 1
46 4
45 2
45 3
45 4
45 2
45 3
45 4
45 3
44 1
44 3
44 2
44 1
43 3
43 3
43 3
43 4
42 4
42 3
42 4
42 1
42 2
42 1
42 4
41 4
41 4
41 2
41 1
41 3
40 4
40 4
40 3
40 2
40 1
40 1
40 3
40 1
40 3
40 3
39 1
39 2
39 1
39 3
39 2
39 2
39 1
39 3
38 4
38 4
38 4
38 4
38 1
38 2
38 4
38 3
38 4
37 1
37 2
37 3
37 1
37 2
37 3
37 3
37 4
36 1
36 2
36 3
35 1
35 1
35 2
35 4
35 3
35 3
35 1
35 1
34 2
34 4
34 3
34 3
34 4
33 4
33 2
33 3
33 1
33 4
32 4
32 1
32 1
32 3
32 3
32 2
31 4
31 4
31 4
31 3
31 3
31 3
31 3
31 2
31 1
30 2
30 2
29 3
29 3
28 4
28 1
28 2
28 3
28 2
28 1
28 2
28 4
28 3
27 4
27 2
27 2
27 3
27 4
27 1
26 2
26 3
26 1
26 1
26 1
25 4
25 2
25 3
25 3
25 2
25 2
25 3
24 3
24 1
24 3
24 2
24 4
24 4
24 2
24 3
23 2
23 1
23 3
23 3
23 4
23 1
23 1
22 3
22 4
22 2
22 2
22 4
21 4
21 2
21 1
21 1
20 3
20 4
20 1
20 2
20 4
20 3
20 4
20 2
