500
1500 16
100 2
100 1
100 1
100 1
99 4
99 3
99 1
99 4
99 2
99 3
99 1
98 3
98 4
98 2
98 3
98 2
98 1
98 2
98 4
97 2
97 4
97 1
97 4
97 3
97 2
97 1
97 2
96 3
96 1
95 1
95 1
95 3
94 2
94 3
94 2
94 3
94 4
93 4
93 2
93 3
92 4
92 2
92 3
92 1
92 3
92 3
92 1
92 3
91 1
91 3
91 4
91 1
91 3
91 4
91 3
91 1
91 3
91 4
91 1
90 1
90 4
90 1
90 1
90 4
90 3
90 2
90 1
90 3
90 2
89 3
89 1
89 2
89 2
89 3
89 3
89 3
88 1
88 1
88 3
88 4
88 4
88 4
88 1
87 2
87 2
87 1
87 3
87 4
86 2
86 1
86 3
86 4
86 4
85 2
85 1
85 1
84 2
84 2
84 4
84 4
84 1
83 3
83 3
83 2
83 2
83 4
83 3
82 3
82 2
82 2
82 2
82 4
82 3
82 3
82 2
81 3
81 2
81 4
81 1
81 4
81 2
80 3
80 3
80 3
80 1
80 4
79 3
79 1
79 4
79 2
79 1
79 4
79 4
79 1
79 2
78 2
78 4
78 3
78 2
78 1
78 3
78 2
78 2
78 4
78 3
78 4
77 3
77 3
77 2
77 1
77 3
77 3
76 4
76 3
76 3
76 2
76 3
76 2
76 3
75 4
75 3
75 4
75 4
75 1
75 1
74 2
74 2
74 2
74 3
74 1
74 3
74 4
73 2
73 4
73 4
72 2
72 1
72 2
72 3
72 4
71 1
71 1
70 3
70 1
70 4
69 2
69 1
69 3
69 1
69 2
69 3
69 1
69 4
68 1
68 2
68 4
67 2
67 1
67 1
67 1
67 1
67 3
66 4
66 2
66 4
66 2
66 2
66 3
66 1
66 4
66 1
66 3
66 1
65 2
65 2
65 4
65 4
65 2
65 4
65 3
65 2
64 2
64 2
64 1
64 4
64 3
64 4
64 1
63 2
63 2
63 4
63 3
63 1
63 2
62 3
62 3
62 3
62 4
62 4
62 4
62 2
62 2
62 4
61 4
61 2
61 2
61 3
61 2
60 4
60 2
60 1
60 4
60 1
60 2
60 2
59 4
59 4
59 1
59 4
59 1
59 3
59 2
59 1
59 4
58 1
58 3
58 4
58 1
58 2
58 1
58 4
58 3
57 1
57 3
57 4
57 4
57 4
57 1
57 1
57 3
57 3
57 1
56 3
56 2
56 1
56 4
56 3
55 2
55 2
55 1
55 4
54 1
54 3
54 1
54 1
54 2
54 3
54 1
54 2
54 1
54 1
54 3
52 3
52 4
52 3
52 1
52 3
52 4
52 4
52 3
52 1
52 1
52 2
52 2
52 4
52 1
51 2
51 2
51 1
51 3
51 1
51 3
50 4
50 1
50 1
50 2
50 3
50 1
50 4
49 4
49 3
49 3
49 3
49 3
49 4
48 4
48 2
48 4
48 3
47 3
46 4
46 1
46 2
46 3
46 3
45 4
45 4
45 3
45 3
45 3
45 4
45 2
45 2
45 4
45 3
45 4
44 3
44 1
44 4
44 2
43 1
43 3
43 1
43 2
42 1
42 2
42 4
42 1
41 3
41 2
41 4
41 1
41 1
40 2
40 1
40 2
40 2
40 4
40 1
40 1
40 3
40 3
39 2
39 1
39 4
39 1
39 3
39 2
38 3
38 3
38 4
38 2
38 2
38 2
38 3
38 4
37 4
37 2
37 3
37 3
37 3
37 3
37 1
37 3
37 1
36 4
36 2
36 4
36 2
36 3
36 2
35 1
35 3
35 2
35 1
35 1
35 4
35 4
35 1
34 2
34 3
34 4
34 3
34 4
33 3
33 4
33 1
33 4
33 1
33 2
32 4
32 4
32 1
32 1
31 4
31 1
31 2
30 2
30 2
30 4
30 4
30 4
30 4
29 3
29 2
29 2
29 2
29 1
28 3
28 1
28 4
28 4
28 4
28 4
28 1
27 4
27 4
27 2
27 3
27 3
27 3
26 4
26 1
26 2
26 4
26 1
26 4
26 4
26 2
25 1
24 3
24 3
24 1
23 4
23 3
23 4
23 2
23 1
23 4
22 1
22 1
22 2
22 4
22 3
22 1
22 2
21 1
21 3
21 4
21 2
21 3
21 2
21 2
21 2
20 3
20 2
20 1
20 2
20 1
20 2
