500
1500 16
100 1
100 1
100 4
100 4
100 1
99 1
99 3
99 2
99 2
99 3
99 1
99 1
98 1
98 1
98 2
98 3
98 2
98 4
97 2
97 2
97 4
97 3
96 3
96 2
96 1
95 3
95 3
95 4
95 1
95 3
95 4
95 2
94 3
94 4
94 3
94 3
94 4
94 2
93 1
93 1
93 1
93 2
93 1
93 3
93 1
93 3
93 3
93 1
93 2
93 3
93 4
92 1
92 4
92 2
92 2
92 4
92 4
92 1
92 2
92 3
91 1
91 2
91 3
91 4
91 3
91 4
90 4
90 4
90 3
90 4
90 2
89 3
89 2
89 1
89 2
89 1
89 2
89 3
88 4
88 2
88 2
88 3
88 2
88 3
88 1
87 2
87 1
87 4
87 4
87 2
87 1
87 4
87 2
87 3
87 2
87 4
86 3
86 4
86 1
86 3
86 3
86 1
85 4
85 2
85 4
85 4
85 1
84 2
84 3
84 1
84 3
84 3
84 2
84 2
83 3
83 2
83 2
83 2
83 2
82 2
82 1
82 4
82 1
82 2
82 4
81 1
81 1
81 4
81 4
81 3
80 3
80 2
80 4
79 1
79 3
79 2
79 4
79 4
79 2
79 4
79 3
79 3
78 4
78 4
78 4
78 1
78 1
78 4
77 2
77 2
76 2
76 2
76 4
76 2
76 2
75 3
75 4
75 4
75 2
74 2
74 4
74 1
73 3
73 3
73 1
73 4
72 4
72 2
72 1
72 3
72 3
72 3
72 4
72 4
72 4
72 4
71 3
71 4
71 2
71 2
71 3
71 4
71 3
70 3
70 1
70 4
70 2
70 2
70 3
70 1
69 3
69 1
69 1
69 3
69 4
69 4
68 3
68 3
68 2
68 2
68 4
68 1
67 2
67 1
67 1
67 3
67 3
66 2
66 3
66 2
66 2
66 4
66 4
66 3
66 1
66 3
66 2
65 4
65 4
64 2
64 1
64 2
64 3
64 2
64 2
64 1
64 3
64 1
64 4
64 1
63 2
63 2
63 4
63 4
63 1
63 4
63 4
62 4
62 2
62 4
61 4
61 1
61 4
61 3
61 1
61 4
61 4
61 2
61 1
61 2
60 3
60 4
60 1
60 2
60 3
59 2
59 1
59 1
59 1
59 2
59 4
59 4
59 2
59 4
58 1
58 2
58 3
58 3
58 4
57 4
57 3
57 3
57 1
57 2
57 1
56 3
56 3
56 2
55 3
55 4
55 2
55 3
55 4
55 4
55 2
54 4
54 4
54 3
54 3
53 2
53 4
53 1
53 4
52 4
52 2
52 3
52 3
52 4
52 2
51 4
51 1
51 4
51 4
51 2
50 1
50 3
50 3
50 3
49 3
49 1
48 4
48 3
48 1
48 4
47 4
47 3
47 3
47 1
47 3
47 1
46 1
46 2
46 2
46 3
46 2
46 2
46 1
46 4
45 4
45 1
45 4
45 3
45 4
44 2
44 4
44 1
44 2
44 4
44 2
43 1
43 4
43 2
43 2
43 3
43 4
42 3
42 4
42 3
42 1
42 3
42 4
42 3
42 2
42 2
42 3
41 1
41 1
41 4
41 2
41 4
41 4
40 3
40 1
40 3
40 3
40 3
40 4
40 4
40 4
40 4
39 1
38 4
38 3
38 2
38 1
38 4
38 1
38 4
38 2
38 2
38 4
38 1
38 4
38 4
38 4
38 4
37 3
37 2
37 3
37 4
37 2
36 4
36 1
36 4
36 4
36 3
36 1
36 2
36 4
36 3
36 3
36 2
35 3
35 1
35 4
35 3
35 2
35 3
34 4
34 3
34 1
34 2
34 4
33 4
33 2
33 2
32 4
32 1
32 3
32 4
32 3
32 1
32 3
32 1
32 2
32 3
32 1
31 4
31 1
31 3
31 1
31 4
31 2
31 4
31 1
30 2
30 4
30 1
30 1
30 1
29 2
29 4
29 1
28 4
28 3
28 4
28 1
28 3
28 4
27 1
27 4
27 4
27 4
27 3
27 2
26 3
26 1
26 1
26 2
26 2
26 2
26 4
25 1
25 4
25 4
25 4
25 2
25 1
25 3
25 1
24 1
24 1
24 1
23 4
23 3
23 3
23 1
23 2
22 3
22 4
22 1
22 2
22 4
22 4
22 1
22 1
22 1
21 2
21 3
21 3
21 4
21 2
21 1
21 4
21 1
21 2
20 2
20 3
20 4
20 4
