500
1500 16
100 1
100 3
100 1
100 4
100 4
100 2
100 4
100 1
100 1
100 3
99 1
99 3
99 4
99 2
99 2
99 1
98 4
98 2
98 4
98 1
97 4
97 4
97 2
97 4
97 3
97 2
97 1
97 2
96 4
96 3
96 4
95 4
95 2
95 3
95 1
95 4
95 3
95 4
95 1
95 1
95 4
95 2
94 3
94 1
94 2
94 1
94 4
94 4
93 2
93 4
93 4
93 1
93 3
92 4
92 2
92 4
92 1
92 4
92 4
92 1
92 3
91 3
91 2
91 4
91 1
90 4
90 2
90 3
90 1
90 1
90 1
90 4
89 2
89 4
89 4
89 1
89 1
89 2
88 3
88 1
88 4
88 2
88 4
88 4
88 4
87 4
87 4
87 3
87 1
87 3
87 3
86 4
86 3
86 2
86 1
86 4
86 4
86 2
86 1
86 3
86 1
86 4
85 3
85 4
85 4
85 3
85 1
85 2
85 2
85 2
85 2
85 2
84 1
84 1
84 1
84 4
84 4
84 4
84 3
84 3
83 4
83 4
83 1
83 2
82 1
82 2
82 2
81 4
81 4
81 4
80 4
80 4
80 2
80 1
80 3
79 1
79 3
79 2
79 3
79 3
79 4
79 4
79 1
79 4
79 4
78 1
78 3
78 2
77 4
77 1
77 2
77 2
77 4
77 1
77 2
77 4
76 2
76 3
76 4
76 1
76 3
76 2
75 4
75 4
75 1
75 1
75 3
75 4
74 4
74 1
74 2
74 4
74 3
73 1
73 2
73 4
73 1
73 3
73 1
73 2
73 2
73 4
72 4
72 1
72 3
72 1
72 1
72 2
72 1
72 2
72 2
72 1
72 2
71 4
71 1
71 2
70 1
70 2
70 4
70 3
70 2
70 3
70 2
69 2
69 2
69 2
69 4
69 3
69 4
69 3
68 2
68 1
68 1
68 3
68 4
68 1
68 4
67 3
67 3
67 4
67 2
67 3
66 4
66 4
66 3
66 2
66 3
65 1
65 4
65 4
65 1
65 3
65 1
65 4
64 3
64 4
64 3
64 2
64 2
63 1
63 4
63 3
63 4
63 4
63 2
62 4
62 4
62 3
62 3
62 3
62 1
62 2
62 3
62 2
62 2
62 2
61 2
61 3
61 4
61 2
61 2
60 1
60 3
60 1
60 2
60 2
59 3
59 2
59 1
59 1
59 3
59 1
59 2
58 4
58 4
58 4
58 3
58 4
58 4
58 1
58 4
57 3
57 3
56 3
56 3
56 3
56 3
56 4
56 2
55 2
55 1
55 2
55 3
55 3
55 1
54 3
54 1
54 3
54 4
54 2
54 1
54 3
53 4
53 3
53 3
53 4
53 2
53 3
52 2
52 3
51 2
51 1
51 2
51 2
51 3
51 4
51 2
51 2
51 1
51 3
50 3
50 4
50 3
50 3
50 4
50 2
50 2
50 4
50 1
50 2
50 3
49 4
49 2
49 3
49 1
49 3
49 2
49 4
48 2
48 3
48 3
48 3
48 3
47 1
47 1
47 2
47 4
47 3
46 1
46 1
46 1
46 4
46 2
46 1
45 2
45 1
45 2
45 4
44 4
44 2
44 2
44 2
44 2
44 4
44 2
44 3
43 4
43 3
43 1
43 2
43 4
43 4
43 3
42 4
42 1
42 3
42 4
42 2
41 4
41 3
41 3
41 4
41 3
40 1
40 3
40 3
40 3
40 3
40 2
40 1
39 1
39 4
39 4
39 3
39 4
39 3
38 2
38 2
38 1
38 2
38 3
37 2
37 3
37 3
37 3
37 4
36 1
36 1
36 3
36 3
36 2
35 1
35 4
35 2
35 2
35 1
35 3
35 2
34 1
34 3
34 4
34 1
34 2
34 4
34 1
34 4
33 3
33 2
33 2
33 3
33 1
32 2
32 3
32 4
32 1
32 1
32 3
31 2
31 4
31 4
31 3
31 2
30 2
30 1
30 2
30 1
30 3
30 2
29 1
29 3
29 1
28 1
28 2
28 3
28 4
28 4
28 1
27 2
27 4
27 1
27 3
27 3
27 4
27 4
27 4
26 4
26 4
26 1
26 4
26 1
26 4
26 1
25 2
24 3
24 1
24 4
24 1
24 4
24 3
24 3
23 3
23 1
23 2
23 4
23 3
22 2
22 3
22 1
22 3
22 4
22 4
22 3
21 3
21 1
21 3
21 3
21 3
21 4
21 4
21 1
