500
1500 16
100 2
100 2
100 1
100 3
100 4
100 2
100 1
100 1
100 2
99 3
99 4
99 1
99 2
98 4
98 2
98 2
98 3
98 2
98 4
97 3
97 3
97 1
97 2
97 4
97 4
97 4
97 4
96 2
96 4
96 3
96 1
96 1
96 3
96 2
95 2
95 3
95 4
95 2
95 1
95 4
94 3
94 3
94 3
94 1
94 4
94 4
94 1
94 2
93 4
93 1
93 1
93 4
93 2
93 2
93 3
93 3
92 4
92 4
92 2
92 2
92 2
92 1
92 1
91 1
91 1
91 1
91 3
91 4
91 3
90 3
90 3
90 2
90 2
90 3
89 3
89 3
89 2
89 1
89 4
89 1
88 3
88 4
88 2
88 3
88 3
88 4
88 2
88 1
88 3
88 1
88 3
87 4
87 3
87 1
87 1
87 2
87 4
87 4
87 4
87 4
86 1
86 3
86 1
85 2
85 2
85 2
85 1
84 3
84 1
84 3
83 3
83 4
83 2
83 1
83 2
83 2
83 4
83 4
82 4
82 3
82 3
82 3
82 3
82 3
82 2
82 2
82 3
82 2
82 1
81 3
81 3
81 2
81 3
81 2
80 4
80 2
80 4
80 1
79 3
79 2
79 4
79 1
79 2
79 4
79 4
79 4
79 4
78 3
78 4
78 4
78 3
78 1
77 4
77 3
77 4
77 1
77 4
77 1
77 4
76 1
76 1
76 1
76 4
76 2
75 3
75 4
75 2
75 3
75 4
75 2
75 1
75 2
75 3
75 3
74 2
74 4
74 3
74 4
74 1
74 1
74 2
74 3
74 4
74 4
74 4
73 2
73 1
73 4
73 3
73 3
73 4
73 4
73 1
72 3
72 2
72 2
72 3
71 3
71 1
71 4
71 2
71 2
71 3
70 3
70 1
70 3
70 1
70 2
70 3
70 1
69 4
69 1
69 4
68 2
68 3
68 4
68 4
68 3
67 2
67 3
67 1
65 3
65 3
65 3
65 1
65 1
65 1
65 3
65 2
64 1
64 3
64 3
64 1
64 4
64 4
63 4
63 3
63 1
63 1
63 2
63 1
63 1
63 3
63 4
63 3
63 4
62 4
62 2
62 3
62 2
62 3
61 4
61 1
61 2
61 3
61 4
61 1
60 3
60 3
60 1
59 2
59 3
59 2
59 4
59 4
59 4
58 1
58 3
58 1
57 3
57 2
56 2
56 1
56 3
56 2
56 1
56 2
56 2
56 2
56 4
56 1
55 2
55 2
55 2
55 3
55 3
55 3
54 2
54 3
54 2
54 3
54 3
54 4
54 1
53 1
53 3
53 2
53 3
53 3
53 4
53 1
52 4
52 3
52 3
52 1
52 1
51 2
51 4
51 2
51 1
51 4
51 3
51 1
50 3
50 3
50 2
50 3
50 1
50 1
50 2
49 1
49 4
49 2
49 1
49 1
49 2
49 4
49 4
49 1
49 3
49 2
49 2
49 4
48 3
48 4
48 3
48 3
48 1
48 1
48 1
48 3
47 1
47 4
47 3
47 2
47 1
47 3
47 3
46 1
46 3
46 4
46 4
45 4
45 2
45 3
45 4
44 1
44 1
44 4
44 4
44 1
44 3
44 1
44 2
44 3
44 1
44 4
43 2
43 3
43 4
43 2
43 4
43 4
43 2
43 1
42 1
42 4
42 3
42 1
41 3
41 3
41 4
41 3
41 4
41 1
40 1
40 2
40 2
40 3
39 4
39 2
38 4
38 2
38 3
37 4
37 1
37 3
37 2
37 1
37 3
37 2
37 2
36 1
36 1
36 1
36 2
36 4
36 2
36 3
36 2
35 2
35 4
35 1
35 3
35 2
34 3
34 4
34 1
34 4
33 4
33 3
33 4
33 3
33 2
32 1
32 2
32 3
32 1
32 1
31 2
31 4
31 1
31 4
31 3
31 2
30 4
30 1
30 2
29 2
29 3
29 4
29 3
29 1
28 2
28 2
28 3
28 4
28 2
28 3
27 3
27 4
26 1
26 2
26 3
26 2
26 1
26 4
26 2
26 3
25 2
25 1
25 4
25 2
25 3
25 1
25 1
25 2
25 3
25 2
24 4
24 3
24 2
24 1
24 4
23 2
23 2
23 2
23 3
23 3
23 2
23 4
23 3
22 4
22 3
22 2
22 4
22 3
22 3
21 2
21 2
21 1
21 1
21 4
21 3
21 3
20 1
20 1
20 3
20 2
20 2
