500
1500 16
100 4
100 2
100 2
100 2
100 4
99 4
99 1
99 2
99 3
99 3
99 1
99 4
98 1
98 4
98 4
98 2
97 1
97 2
96 3
96 2
96 2
96 1
96 2
96 4
96 3
96 3
95 4
95 1
95 1
95 2
95 4
94 2
94 3
94 4
94 1
94 2
94 4
93 2
93 1
93 1
93 1
93 1
93 1
93 3
93 2
93 2
93 4
92 1
92 2
92 2
92 3
91 3
91 4
91 3
90 3
90 3
90 4
90 4
90 4
90 4
90 1
90 3
90 4
89 2
89 3
89 4
89 3
89 1
88 3
88 1
88 1
88 2
88 1
88 4
87 4
87 3
87 1
87 3
87 2
87 3
87 1
87 4
87 2
86 3
86 2
86 2
86 1
86 2
86 1
86 3
85 2
85 3
84 2
84 1
84 1
84 1
84 4
83 3
83 1
83 2
83 4
83 2
83 4
83 2
83 1
83 1
82 4
82 1
82 4
82 4
82 4
81 3
81 1
81 1
81 2
81 4
81 3
81 2
81 3
81 4
81 4
80 2
80 4
80 3
80 2
79 3
79 4
79 2
79 1
79 3
79 1
79 4
78 1
78 4
78 1
78 3
78 4
78 2
78 2
78 4
77 2
77 1
77 3
77 2
77 2
77 1
77 4
77 4
77 1
77 4
77 2
77 4
77 2
76 3
76 1
76 2
76 2
76 1
75 2
75 2
75 2
75 2
75 4
75 3
75 3
75 2
75 4
74 2
74 1
74 4
74 3
74 4
74 3
74 4
74 3
74 4
74 4
73 1
73 2
73 2
73 2
73 3
73 1
72 3
72 3
72 1
72 2
72 3
72 1
72 2
71 4
71 3
71 4
70 1
70 2
70 4
70 4
70 2
70 1
69 2
69 3
69 3
69 1
69 4
69 3
69 3
69 3
69 4
69 4
68 1
68 2
68 2
68 2
67 1
67 2
67 2
67 3
67 3
66 1
66 2
66 3
66 3
66 4
66 3
66 1
66 2
65 2
65 3
65 3
65 1
65 2
65 3
65 4
65 2
64 4
64 3
64 3
64 3
64 2
64 4
64 2
64 3
64 1
64 3
63 1
63 2
63 3
63 4
63 2
63 2
62 2
62 1
62 4
62 1
62 4
62 3
62 4
62 1
61 4
61 4
61 3
61 4
61 4
61 3
60 4
60 1
60 2
60 2
60 1
60 4
60 3
60 2
60 4
59 4
59 1
59 4
59 4
59 2
59 1
58 1
58 3
58 1
58 4
57 3
57 1
56 2
56 1
56 1
56 2
55 4
55 2
55 1
55 4
54 3
54 4
54 3
54 1
53 3
52 2
52 2
52 2
52 3
52 4
52 3
52 2
52 2
52 2
51 2
51 4
51 3
51 1
50 1
50 4
50 3
50 2
50 2
50 2
50 4
50 3
50 4
50 1
49 1
49 1
49 3
49 2
49 3
49 1
48 1
48 3
48 4
48 3
48 1
48 2
48 4
48 3
47 1
46 1
46 4
46 4
46 4
46 3
46 1
46 3
46 1
45 4
45 2
45 3
45 3
45 4
44 1
44 2
44 3
44 2
44 1
44 2
44 4
43 2
43 3
43 3
43 2
43 1
43 2
43 4
42 3
42 3
42 1
41 2
41 4
41 3
41 4
41 2
41 3
40 1
40 3
40 3
40 2
39 3
39 3
39 2
38 2
38 1
38 3
38 2
38 3
38 3
38 2
38 2
38 2
38 4
37 1
37 1
37 4
37 3
37 3
37 3
36 2
36 1
36 1
36 4
36 1
36 2
36 1
36 4
36 2
36 4
35 1
35 2
35 3
35 1
35 4
35 3
34 4
34 4
34 2
33 2
33 4
33 4
32 3
32 3
32 2
31 3
31 4
31 1
31 1
31 1
31 1
30 4
30 3
30 3
30 3
30 4
29 1
29 1
29 1
29 2
29 2
29 1
29 1
29 2
28 4
28 4
28 1
28 1
28 4
27 1
27 1
27 1
27 4
26 4
26 2
26 4
26 2
26 2
26 3
25 3
25 2
25 4
25 4
25 4
25 4
25 2
25 2
25 4
24 3
24 4
24 3
24 4
24 2
24 4
24 3
23 3
23 3
23 2
23 3
23 2
23 1
23 4
22 3
22 2
22 4
22 4
22 2
22 1
22 2
21 4
21 4
21 1
21 2
21 3
21 4
20 2
20 1
20 3
20 3
20 3
20 1
20 3
20 4
20 2
20 2
