120
7365 16
491 4
477 1
473 3
472 2
467 4
464 3
461 1
459 1
459 1
458 3
454 1
448 3
444 2
440 1
426 2
423 3
417 3
416 1
414 1
413 3
408 2
407 2
406 1
404 1
400 4
399 3
397 1
391 4
387 3
384 4
384 4
378 1
378 3
375 3
375 2
375 2
372 4
370 4
361 1
360 1
359 2
356 3
356 1
356 1
356 3
355 3
354 4
350 2
341 4
337 1
334 3
330 3
329 4
329 1
324 4
323 4
323 4
322 3
321 1
318 3
317 1
315 3
314 3
313 3
309 1
305 4
305 1
302 3
299 4
297 3
297 3
295 1
291 3
291 1
290 3
290 1
290 1
287 2
283 1
283 3
280 1
278 2
278 3
278 4
275 1
274 4
273 2
273 4
273 4
272 1
270 3
269 1
268 1
267 1
267 1
267 2
266 1
266 4
265 1
265 4
264 3
263 2
263 4
263 3
261 4
261 2
261 1
259 2
258 4
256 4
256 3
255 4
255 2
255 2
255 2
254 2
253 4
251 4
250 1
250 3
