120
7470 16
498 1
496 2
493 3
491 3
491 1
485 1
483 2
465 3
448 4
444 3
433 3
432 4
429 2
427 4
424 1
421 1
421 4
414 1
408 1
406 2
403 3
402 2
399 1
398 3
396 3
393 4
392 1
389 2
389 2
383 1
381 4
380 4
375 1
372 2
372 2
368 2
367 1
366 3
365 2
365 4
363 2
363 3
363 3
357 4
353 4
353 4
351 2
347 4
340 1
338 3
336 3
335 2
331 1
330 4
329 3
328 4
328 2
325 4
324 3
322 4
317 2
316 3
316 1
313 3
311 3
311 2
308 3
308 1
303 2
303 1
303 4
298 4
296 3
296 3
295 3
295 4
294 2
292 2
289 1
289 2
283 3
282 2
280 2
279 4
277 1
276 4
275 1
271 2
268 2
268 3
268 1
266 4
265 2
265 4
265 1
262 4
262 3
260 2
260 1
260 1
259 4
259 2
259 1
259 3
257 4
256 3
255 4
254 4
254 3
253 3
253 2
252 2
252 1
251 1
251 2
251 2
250 3
250 3
250 1
250 2
