120
7455 16
497 1
497 4
495 2
485 3
480 3
478 2
474 2
473 1
472 1
470 1
466 1
450 1
446 3
445 1
445 4
444 1
439 2
434 2
430 4
420 2
419 1
414 2
412 3
410 4
407 1
405 3
400 3
397 2
395 1
376 4
372 1
370 4
366 2
366 2
366 1
366 3
366 3
363 4
363 4
362 1
361 3
357 3
357 2
356 3
356 2
355 3
352 1
351 4
350 4
350 4
350 1
347 4
336 3
333 1
329 3
325 1
320 3
315 2
314 3
313 4
307 1
303 2
302 2
301 3
299 2
298 4
298 1
298 1
295 1
294 1
292 2
290 2
288 3
287 3
283 1
282 4
282 3
276 2
275 1
275 2
274 1
273 4
273 4
272 4
272 4
271 3
271 3
269 2
269 2
268 4
267 1
267 2
266 3
263 2
263 3
262 1
262 2
261 1
260 4
259 1
259 3
259 3
258 2
256 2
255 3
254 2
254 3
254 4
253 1
253 2
253 1
253 2
252 4
252 2
252 2
252 3
251 3
251 4
250 2
250 4
