120
7485 16
499 4
497 3
496 1
492 4
491 2
486 3
484 2
479 2
476 4
472 2
469 4
468 4
467 4
460 3
456 4
450 1
442 4
434 1
430 2
426 4
418 1
418 1
416 3
410 3
407 2
405 4
399 4
395 4
390 3
390 1
386 3
381 2
380 4
380 1
379 1
374 2
371 1
369 4
367 4
364 4
358 3
352 3
350 2
345 3
341 2
340 3
337 1
333 4
333 4
331 3
330 2
330 1
326 3
321 3
320 4
319 2
315 3
309 4
309 2
309 4
309 2
309 4
305 1
301 2
300 1
298 1
296 4
296 4
292 4
291 1
291 4
288 2
282 3
281 1
279 2
277 3
276 2
276 4
276 4
275 1
275 2
274 4
273 4
273 2
272 3
271 1
271 3
271 4
270 1
269 1
269 3
268 1
267 4
265 1
265 1
261 1
260 1
260 1
259 4
259 4
258 3
257 3
257 4
256 3
256 2
255 2
254 1
254 1
254 4
253 2
253 2
253 3
253 1
253 1
251 4
251 2
251 4
250 3
250 4
250 3
