249
7470 16
498 1
496 3
495 2
495 4
493 1
490 2
487 4
482 4
481 4
480 3
477 3
476 2
476 1
473 1
471 2
470 1
467 2
467 2
466 4
463 4
461 4
460 4
457 1
454 4
452 3
452 2
448 1
448 1
447 4
446 1
445 1
442 4
441 1
439 2
438 3
437 1
437 2
435 2
434 3
432 1
432 1
431 2
430 2
429 4
425 3
424 1
420 1
419 1
417 3
416 3
414 4
414 1
414 4
412 4
411 3
411 3
409 2
409 4
404 4
403 2
397 3
395 2
394 1
392 2
392 1
390 3
389 2
389 3
385 1
382 2
382 1
382 2
382 1
381 1
381 4
380 1
380 3
379 2
378 1
377 3
376 4
365 3
365 1
362 2
361 4
361 4
360 1
357 3
356 4
354 3
352 1
352 1
351 3
343 3
342 4
341 4
341 2
337 3
336 3
333 2
332 1
331 4
330 3
329 2
328 1
324 2
324 1
321 2
318 4
317 1
317 4
316 2
312 2
311 2
310 1
309 2
308 3
308 4
307 4
304 2
304 1
304 1
303 4
303 3
302 2
301 3
300 3
298 3
298 3
298 2
297 4
296 1
296 1
295 1
294 3
294 4
294 4
294 1
294 3
293 3
293 1
293 3
291 3
290 1
290 3
290 3
288 3
287 3
287 2
287 1
287 1
286 1
285 1
285 3
285 3
284 1
283 1
282 3
281 2
280 1
280 1
279 4
279 2
277 3
277 1
277 1
276 3
276 1
276 1
276 4
275 4
274 2
274 3
273 1
273 1
273 1
273 1
272 4
271 2
271 2
271 2
269 2
269 4
269 2
268 3
267 3
267 2
267 1
267 3
266 2
266 2
266 4
265 3
264 2
264 1
264 4
264 3
263 2
263 1
263 3
263 4
263 4
262 1
261 1
261 1
261 3
261 3
260 4
260 1
259 3
259 3
259 1
258 3
258 3
258 3
258 4
258 4
258 2
257 4
257 4
256 1
256 2
256 3
256 4
255 4
255 1
254 4
254 1
254 2
254 1
254 3
254 3
254 2
253 2
253 2
253 4
253 3
252 4
252 3
252 2
251 1
251 1
251 4
250 2
250 3
250 2
250 2
250 4
250 3
