249
7425 16
495 2
493 4
492 2
492 4
492 2
490 2
489 2
488 2
487 1
487 3
486 3
484 1
482 1
481 3
480 1
479 2
476 4
476 2
472 3
470 3
467 3
467 1
465 2
459 2
459 1
458 3
457 4
456 2
456 4
455 2
451 1
449 2
447 2
441 1
441 1
439 2
437 2
437 2
436 4
434 3
434 3
432 2
418 3
416 2
415 4
414 3
413 2
412 4
410 3
410 1
408 4
406 3
406 4
404 4
404 3
402 3
400 4
399 1
399 3
397 2
395 2
393 4
393 1
393 1
387 1
387 4
386 2
385 4
384 3
382 1
382 1
381 2
380 2
380 1
379 2
377 4
377 1
372 2
372 3
371 4
368 3
367 4
363 4
363 2
361 4
360 1
360 4
358 4
357 1
356 1
356 1
355 2
354 2
353 3
352 3
350 2
348 3
345 4
340 2
338 1
337 4
335 4
334 3
331 2
330 1
329 2
328 2
326 3
325 4
324 3
323 2
322 4
321 3
320 1
318 4
318 1
315 4
315 3
312 3
310 4
310 2
310 4
310 4
308 1
306 1
305 4
304 2
302 2
302 2
302 1
302 4
299 4
296 2
295 4
294 3
293 2
293 1
293 4
292 1
292 2
291 2
291 2
291 1
290 1
290 1
290 1
290 1
289 3
288 4
286 1
286 2
286 1
284 4
282 1
282 3
281 2
281 3
280 3
280 3
279 3
279 1
278 2
277 2
276 4
276 3
274 1
274 4
273 3
273 1
272 2
272 4
271 4
271 1
270 4
267 4
267 1
266 2
266 4
266 3
266 1
266 4
266 2
265 3
265 4
265 4
264 3
263 3
263 2
263 3
263 4
263 1
262 2
262 4
262 3
262 4
262 1
261 1
261 1
260 3
260 3
260 3
259 4
259 1
258 3
258 1
258 4
258 1
258 4
257 2
257 3
257 1
257 3
256 2
256 4
256 2
256 1
256 1
256 2
256 2
255 1
255 3
254 2
254 4
254 3
254 4
253 4
253 4
253 3
253 1
253 2
252 3
252 3
252 1
252 2
252 4
252 1
252 1
252 4
251 4
251 2
251 2
251 3
250 1
250 4
250 4
250 1
250 1
250 4
250 3
