249
7485 16
499 4
497 4
496 2
495 4
494 4
494 4
493 4
492 3
491 4
482 4
480 2
479 3
479 3
479 3
478 4
475 2
468 3
467 2
466 3
465 4
461 3
460 1
457 3
457 2
453 4
453 3
453 4
452 4
448 1
448 1
447 2
444 2
443 2
442 3
440 2
439 3
436 4
432 3
432 2
429 4
428 1
427 4
423 2
420 2
415 3
415 1
414 4
414 1
414 1
413 3
412 1
410 4
408 1
407 4
406 3
403 2
400 1
396 4
395 3
395 3
394 3
393 2
393 2
392 3
389 1
387 4
386 3
384 3
383 4
380 4
380 3
376 4
375 1
374 3
372 1
371 2
370 2
369 1
369 3
366 2
366 2
364 1
363 3
362 4
357 2
357 4
356 2
354 1
352 2
352 4
352 2
352 1
351 4
351 3
350 3
350 2
346 1
346 4
342 3
341 3
340 4
339 1
336 2
335 1
335 4
332 1
332 3
331 3
325 4
321 4
321 4
321 4
318 3
317 2
316 1
316 1
314 3
314 1
313 1
313 3
313 1
312 4
310 3
310 2
309 4
308 4
308 2
306 1
305 2
303 4
302 3
300 1
300 2
300 4
300 4
298 1
298 4
297 1
295 1
295 3
294 4
294 2
293 2
293 3
293 1
291 4
290 2
290 2
289 2
289 3
289 3
289 2
289 1
285 2
285 4
284 2
284 4
284 2
284 3
283 1
282 3
282 4
282 2
280 4
278 4
278 1
278 2
277 3
275 3
274 1
274 1
274 3
273 1
271 2
271 3
270 1
270 1
269 4
269 2
269 2
268 4
266 4
266 2
266 1
265 3
264 1
264 2
264 2
264 3
263 1
263 4
263 2
263 4
262 1
262 4
261 3
261 2
260 3
259 2
259 1
259 1
259 3
258 1
258 3
258 3
257 4
257 1
257 1
257 3
257 2
256 4
256 1
256 3
256 1
256 1
256 1
255 3
255 3
255 3
255 3
255 1
254 3
254 3
254 4
254 3
254 3
253 4
253 2
253 4
253 1
252 3
252 1
252 4
252 2
251 2
251 4
251 1
251 1
251 4
251 4
250 1
250 4
250 3
250 3
250 4
250 3
250 1
250 1
250 4
