249
7485 16
499 1
498 3
498 1
498 1
498 2
498 3
496 3
488 1
486 3
486 3
483 2
483 3
482 2
481 2
480 3
479 2
476 1
476 3
475 2
475 1
474 2
468 4
467 4
467 4
467 1
466 2
461 3
461 3
461 1
460 3
460 2
459 3
458 4
455 3
453 1
452 1
451 3
448 1
448 2
447 3
446 2
445 2
445 2
442 1
440 2
439 2
433 4
429 2
427 3
427 1
425 2
423 3
421 4
421 2
420 4
415 4
414 1
413 4
410 3
409 1
409 4
408 1
403 4
401 4
401 4
400 2
398 4
397 2
396 1
390 2
387 1
386 2
383 3
379 4
378 4
375 4
374 1
374 1
374 3
371 4
368 2
365 4
362 1
360 4
359 2
358 3
355 1
353 2
351 4
351 1
350 2
349 3
346 4
346 3
345 3
344 2
343 2
340 4
337 3
335 4
335 1
325 2
322 2
322 4
322 1
322 1
321 1
320 1
319 1
318 2
317 4
317 4
317 3
315 3
308 2
308 3
305 3
305 4
303 3
303 3
302 1
301 1
300 3
298 2
296 1
296 3
296 2
295 3
294 2
294 4
294 3
294 4
290 2
289 2
289 1
287 2
287 2
286 4
286 3
286 2
285 2
285 4
284 3
283 4
283 3
282 3
281 1
281 1
281 3
280 3
278 2
278 2
277 3
276 3
276 1
275 2
275 4
274 2
273 2
273 2
273 2
272 1
271 3
271 4
270 3
270 1
269 1
269 1
269 2
269 2
268 2
268 3
267 4
267 1
267 4
266 1
266 2
265 2
265 3
265 1
264 4
264 3
263 3
263 3
263 4
263 1
263 4
262 3
262 1
262 3
261 4
261 1
261 4
260 2
259 1
259 2
258 2
258 3
258 4
258 4
258 4
257 3
257 1
256 3
256 3
256 2
255 4
255 4
255 4
255 4
255 1
254 4
254 3
254 3
254 2
254 1
254 4
254 3
253 1
253 2
253 1
253 4
253 4
252 4
252 3
252 2
252 4
252 1
252 4
252 2
252 4
252 1
252 4
252 3
251 2
251 3
251 2
251 1
250 2
250 1
250 3
250 4
250 3
250 2
250 4
250 2
250 1
250 4
250 4
