249
7485 16
499 2
496 1
496 2
495 3
492 1
489 3
488 1
487 2
484 2
480 1
479 2
477 1
476 3
476 1
476 3
475 1
475 3
473 1
469 1
467 2
465 3
463 4
463 3
459 4
458 4
456 1
451 2
451 3
449 1
447 1
446 4
444 2
438 2
438 4
434 2
433 4
432 1
431 2
431 4
422 3
420 1
418 1
417 3
416 4
416 2
415 1
415 4
414 1
413 1
410 2
408 3
406 4
405 2
405 3
401 2
397 1
392 4
391 2
390 2
390 2
389 3
386 2
385 1
384 1
384 1
383 4
383 1
382 1
382 2
382 3
380 4
379 4
378 1
377 4
376 4
374 4
374 1
374 2
369 2
368 1
363 2
362 3
362 4
360 4
360 1
357 4
356 3
356 2
356 3
356 4
353 3
349 2
348 4
347 4
347 4
347 2
341 2
338 2
336 3
335 3
335 4
334 3
334 3
334 3
330 4
329 1
326 4
326 4
325 4
324 4
324 4
323 1
323 3
323 3
321 3
319 1
316 3
315 2
313 1
313 1
313 1
312 1
312 2
310 3
310 3
309 4
309 3
307 2
304 2
304 2
303 2
302 2
301 4
300 1
300 2
299 2
299 4
298 1
297 4
296 4
295 1
295 2
294 3
294 2
294 2
292 1
291 3
291 1
291 2
290 4
289 4
289 3
287 3
286 4
285 4
283 1
283 3
281 3
281 4
280 2
279 2
278 4
278 2
278 2
277 2
277 4
276 4
276 2
276 1
275 1
275 2
274 4
274 3
274 4
273 4
273 4
273 2
272 1
271 3
271 2
271 2
270 2
270 3
270 3
269 1
269 3
269 1
269 1
268 2
268 3
268 4
268 4
267 2
267 2
266 4
265 1
265 1
264 2
263 4
262 1
262 4
262 2
262 1
261 3
261 4
261 2
260 2
259 1
259 2
259 4
259 1
258 2
257 2
257 2
257 3
257 2
257 2
256 2
256 2
256 3
256 3
256 4
255 2
255 4
255 1
255 2
255 4
254 1
254 1
254 3
254 2
253 4
252 3
252 1
252 2
252 4
251 1
251 3
250 4
250 4
250 3
250 4
250 3
250 1
250 4
250 4
250 2
250 4
250 1
