249
7485 16
499 4
495 3
492 1
491 4
491 2
490 4
490 1
489 3
488 1
487 4
486 2
486 1
484 4
484 3
483 3
483 4
480 4
476 3
469 1
469 1
466 1
466 4
459 3
458 2
457 3
450 4
449 4
448 4
445 4
442 1
440 3
440 4
439 4
437 3
436 4
435 3
432 4
431 3
430 3
430 3
426 2
426 2
424 1
422 4
414 3
411 3
410 2
408 4
407 2
407 1
402 2
401 1
399 2
396 2
396 1
395 3
394 2
391 4
391 1
388 1
386 4
384 4
384 3
384 3
384 2
381 1
374 1
374 4
372 1
372 3
371 4
371 3
370 4
369 2
368 1
367 2
367 2
365 2
365 1
363 1
363 4
362 3
362 1
360 3
360 3
358 3
357 4
357 3
356 2
356 3
355 3
355 1
353 4
352 2
352 3
352 4
351 3
351 1
344 2
343 1
342 2
342 3
340 4
338 2
337 4
336 3
334 3
332 2
330 3
330 2
329 4
329 3
323 1
322 1
321 4
320 1
319 1
317 1
315 3
313 3
310 4
310 3
309 1
307 4
306 1
306 2
306 3
306 2
305 4
305 3
303 4
303 3
303 2
302 2
301 1
300 4
299 4
297 1
297 3
296 2
294 3
294 2
293 3
293 2
293 2
292 2
292 1
290 3
289 4
288 2
288 3
287 3
287 4
287 4
286 1
285 1
285 4
283 1
283 2
282 3
281 3
281 2
281 3
280 1
279 2
279 1
278 4
278 3
278 4
277 1
277 4
276 3
276 1
276 2
273 1
272 3
272 3
271 1
270 3
268 3
268 3
268 2
268 1
267 2
267 2
267 4
267 4
266 3
265 4
265 4
264 4
264 3
264 4
263 1
263 2
263 1
263 2
262 1
262 3
262 1
262 2
260 3
260 1
260 4
259 4
259 2
259 4
259 4
258 3
258 1
258 3
258 2
258 1
258 3
258 4
257 4
257 1
257 3
257 3
256 2
256 3
256 2
256 1
256 3
255 4
255 1
255 3
254 1
254 1
253 2
253 2
253 2
253 3
252 2
251 2
251 1
251 1
251 2
251 1
251 4
251 3
251 2
251 3
250 4
250 3
250 4
250 3
250 3
250 3
