249
7470 16
498 2
498 1
493 4
493 3
490 1
488 4
488 3
487 1
483 3
483 3
482 4
482 1
481 2
480 3
479 2
479 3
476 2
475 3
469 4
468 4
466 1
465 3
464 1
459 2
459 4
455 3
454 3
451 1
450 1
449 4
449 4
448 3
447 2
445 2
442 1
442 3
438 1
436 3
436 4
435 4
429 4
411 1
408 4
407 3
406 4
405 3
404 4
404 1
403 4
402 2
402 3
402 4
401 1
401 2
398 3
396 2
396 1
395 4
395 3
391 3
389 3
388 2
386 2
385 2
383 4
383 3
382 3
382 4
380 4
379 4
378 4
378 1
378 3
377 1
371 2
371 2
369 3
367 1
366 2
365 2
363 2
363 1
363 3
362 2
361 1
360 3
359 3
358 2
357 1
355 3
351 1
351 3
350 3
349 1
348 3
347 2
346 1
346 3
345 4
343 4
340 1
339 3
338 4
336 3
335 3
334 4
334 3
334 2
334 1
331 3
326 2
325 4
325 4
324 2
320 4
320 3
320 2
319 2
319 3
317 1
317 2
317 3
317 4
314 2
313 4
313 4
312 3
309 3
308 2
308 2
307 3
306 4
305 2
301 1
300 1
300 2
298 2
295 4
295 2
293 1
291 3
289 3
288 1
287 4
286 4
286 2
286 2
285 3
284 2
283 1
283 3
281 1
279 2
279 3
278 3
278 2
278 3
278 2
277 1
276 2
276 1
276 1
275 4
275 2
275 1
275 2
275 1
275 2
275 2
274 3
273 1
271 1
271 4
271 1
270 2
270 3
270 1
270 2
270 3
269 3
269 1
269 1
269 4
268 1
268 4
267 3
267 4
267 3
267 3
266 4
266 2
266 4
265 1
264 1
264 1
264 3
264 4
263 1
263 4
263 4
263 1
263 1
262 2
262 2
262 2
261 3
261 1
261 1
260 2
260 4
260 3
260 3
259 2
259 1
259 2
258 4
258 1
258 4
257 3
257 3
257 4
256 3
256 4
255 2
255 2
255 2
255 1
254 1
254 2
254 2
254 4
253 3
252 1
252 1
252 4
252 4
252 2
252 2
251 2
251 3
251 2
250 4
250 3
250 2
250 3
250 4
250 2
250 3
250 3
