249
7485 16
499 4
494 2
493 3
492 2
492 4
489 2
488 2
487 1
486 3
485 3
485 3
483 2
481 4
481 4
480 1
477 4
477 4
477 1
475 4
475 1
474 1
473 4
472 2
471 1
471 2
465 2
461 3
461 2
461 1
459 4
459 1
458 1
457 3
455 2
452 1
450 1
449 1
448 4
445 1
443 4
441 2
440 4
437 1
436 3
436 4
434 3
424 4
422 1
418 4
416 1
415 2
410 2
409 4
408 4
405 3
402 3
400 3
399 3
398 2
398 1
397 3
396 2
395 3
393 4
393 3
390 3
389 2
389 4
385 2
383 2
383 1
377 3
377 3
374 1
374 2
374 4
373 3
371 1
366 3
366 3
365 2
363 1
362 3
362 2
360 3
359 1
358 2
357 3
354 3
352 1
352 1
352 2
350 1
349 3
348 3
347 3
345 1
339 4
330 4
329 2
326 4
326 1
324 2
324 2
323 1
321 2
319 4
318 1
315 1
313 2
313 2
312 3
310 2
309 2
308 3
307 4
305 1
305 3
305 1
304 4
303 3
303 4
302 3
302 3
301 2
300 3
300 1
299 1
296 3
296 3
296 3
295 4
294 2
294 2
294 2
293 4
292 4
292 1
291 4
290 2
290 1
289 1
288 2
288 4
287 3
287 3
287 3
284 2
284 4
284 1
281 4
281 3
280 4
280 4
279 4
279 2
279 4
279 3
278 2
277 3
277 1
276 3
275 3
275 4
275 3
274 3
274 3
274 4
272 3
272 4
271 3
271 3
270 3
269 2
269 3
269 1
269 1
268 1
267 2
267 3
267 3
266 2
266 4
266 4
265 2
265 4
265 4
265 4
265 3
264 1
264 3
264 4
264 1
263 3
263 4
263 3
263 4
262 3
261 4
261 1
261 1
261 3
261 3
261 1
261 3
260 4
260 4
260 4
260 2
260 3
260 4
260 2
259 2
258 1
258 2
258 3
257 1
257 1
257 2
257 2
256 4
255 4
255 4
255 2
255 2
254 2
254 1
254 2
254 1
253 2
253 4
252 4
252 3
252 4
251 4
251 2
251 4
251 3
251 4
251 1
251 2
250 2
250 1
250 3
250 2
250 3
250 3
250 1
250 4
