501
7485 16
499 3
499 1
498 4
498 4
495 1
493 2
493 2
491 1
490 2
488 2
487 2
487 1
486 1
486 3
486 4
486 4
485 4
485 3
485 3
484 2
483 4
481 1
479 2
479 4
477 4
474 4
473 3
471 3
471 2
470 3
470 1
466 4
466 2
465 4
465 1
465 1
463 1
463 1
462 2
461 3
461 4
460 3
460 3
459 1
456 3
456 4
455 2
455 1
454 3
454 4
453 1
452 3
450 1
449 4
448 2
447 2
447 4
446 4
444 3
442 2
440 3
439 1
438 2
436 1
435 4
432 1
430 4
429 4
428 2
428 2
428 4
428 2
427 4
426 4
426 2
425 3
425 2
425 1
424 1
423 1
422 3
422 2
422 3
422 3
421 2
420 3
418 4
417 2
417 4
415 3
412 1
412 1
410 4
410 3
409 3
409 3
408 2
408 3
406 2
404 1
403 1
403 2
403 3
401 4
401 1
401 3
399 3
399 2
398 4
398 3
397 4
397 2
397 1
396 1
395 4
395 4
395 2
394 3
394 1
394 3
393 4
392 1
391 3
390 4
389 2
387 1
385 2
385 2
384 3
383 2
382 3
382 2
382 3
381 4
381 3
380 1
380 2
380 4
380 3
379 3
377 2
377 3
376 1
375 3
375 2
375 2
375 1
374 2
372 2
372 4
371 4
371 2
371 2
371 1
370 1
370 1
370 2
369 1
369 1
368 1
368 4
366 2
366 2
365 1
365 1
364 4
363 3
363 1
361 4
360 3
360 1
360 1
360 2
359 4
359 4
357 4
356 4
356 3
354 4
353 3
353 4
352 3
352 4
351 3
351 1
351 1
350 4
350 3
346 2
346 2
344 3
343 2
343 4
343 1
342 1
342 3
342 4
341 1
341 1
341 2
341 3
340 2
340 3
340 1
338 3
338 4
337 2
335 1
335 3
335 3
333 2
332 1
331 3
331 3
331 2
330 3
330 3
330 1
330 2
330 3
329 4
328 4
326 4
326 2
326 3
326 3
326 4
325 1
325 4
324 3
323 4
323 3
320 3
320 2
320 4
319 4
319 3
319 2
318 2
318 4
318 1
318 3
317 1
316 2
316 3
316 3
316 2
315 2
315 3
314 2
313 2
313 4
312 3
312 3
312 1
312 3
311 4
310 3
309 2
308 1
307 4
307 3
306 4
306 2
306 4
304 3
302 2
302 4
301 2
300 4
299 3
298 3
298 3
298 1
298 1
297 2
296 2
296 3
296 1
295 4
295 2
294 1
294 1
294 1
294 2
293 1
293 3
292 3
292 2
291 2
291 3
291 4
290 2
290 1
289 4
289 3
289 3
288 1
288 1
288 2
288 4
288 1
287 3
286 2
286 1
285 1
285 2
285 4
285 4
285 2
284 2
284 2
284 2
283 2
283 1
283 4
283 4
283 4
283 4
283 3
282 1
282 1
282 3
282 3
282 1
282 4
281 4
281 4
281 3
281 3
280 4
280 4
280 4
280 4
280 1
280 4
280 3
280 1
279 4
279 2
278 2
278 2
278 2
277 2
277 2
277 3
276 4
276 4
276 4
275 4
275 1
275 1
274 2
274 3
274 3
274 1
274 3
274 1
274 3
273 4
273 3
273 3
272 2
272 4
270 2
270 1
270 3
269 3
269 4
269 1
269 2
269 4
268 4
268 3
268 4
268 1
268 3
267 4
267 1
267 4
267 2
267 2
267 4
266 3
266 1
266 1
266 1
266 3
266 2
265 4
265 2
265 4
265 1
265 1
264 1
264 1
264 3
264 1
264 4
264 3
264 1
264 3
264 2
264 2
263 4
263 4
263 1
263 1
263 3
263 2
263 1
262 3
261 3
261 2
261 4
261 4
261 4
261 1
261 2
260 2
260 2
260 2
260 1
260 4
259 4
259 3
259 4
259 2
259 4
258 4
258 3
258 2
258 4
258 4
258 1
258 2
258 1
257 3
257 4
257 4
257 3
257 1
257 1
257 2
256 4
256 1
256 2
256 3
256 2
256 4
256 4
256 2
256 4
255 1
255 4
255 4
255 1
255 2
255 4
255 4
255 1
254 3
254 2
254 1
254 3
254 1
254 3
254 2
253 1
253 4
253 4
253 4
253 2
253 4
253 1
253 1
253 4
253 2
253 4
252 3
252 2
252 2
252 1
252 3
252 1
252 1
252 3
252 1
251 2
251 4
251 1
251 1
251 3
251 2
250 4
250 1
250 2
250 4
250 4
250 3
250 3
