501
7485 16
499 4
499 2
499 3
498 1
495 2
494 4
494 1
494 2
492 2
492 2
492 2
492 3
491 4
490 1
489 2
489 4
488 3
488 1
488 4
487 1
487 4
485 1
484 3
484 3
482 2
482 1
482 3
481 4
481 2
481 4
480 3
479 2
479 3
478 4
478 3
477 1
477 2
476 2
476 2
475 4
475 1
471 1
471 1
470 3
470 4
469 4
469 1
468 1
466 4
466 1
465 1
464 1
464 3
462 1
462 1
462 3
462 4
462 1
461 4
460 4
459 4
457 1
455 4
455 1
454 3
454 2
453 4
451 1
449 2
449 3
447 1
447 3
445 4
443 3
443 3
442 1
441 4
437 3
436 3
434 4
434 2
432 3
432 2
431 3
431 4
430 1
429 4
429 2
429 2
429 3
429 3
426 1
426 2
425 4
424 1
423 2
421 3
421 2
420 3
418 1
418 1
416 1
416 4
415 1
414 4
413 2
412 1
412 2
412 1
411 2
411 4
411 4
410 2
409 2
409 4
406 4
405 4
404 2
403 3
401 4
400 2
400 2
398 4
398 2
397 4
397 1
396 4
396 1
396 4
395 1
394 3
391 2
389 2
389 3
389 4
389 3
386 2
385 2
383 3
383 2
381 2
379 4
379 1
378 2
377 2
377 1
376 1
376 2
375 4
375 3
375 2
373 3
373 1
372 4
371 4
370 4
369 3
368 2
367 2
367 3
365 1
364 3
363 3
363 1
361 3
360 1
359 3
359 2
358 2
358 1
357 2
356 2
356 3
356 3
354 3
354 4
353 1
352 4
352 4
351 4
351 1
350 2
350 3
348 2
347 2
347 4
344 2
343 2
342 4
341 4
341 2
340 2
340 4
340 3
339 2
338 1
337 3
337 1
337 1
336 1
336 4
335 3
334 2
333 2
333 1
333 4
330 3
328 4
328 3
327 1
325 1
325 2
324 3
324 4
324 2
323 3
323 2
322 4
321 4
320 3
319 3
319 1
319 2
318 3
318 3
318 1
317 1
317 2
316 1
316 1
316 3
316 4
315 4
315 3
312 3
312 1
312 2
312 1
311 2
311 2
310 1
310 4
309 3
309 1
309 4
309 2
309 2
308 1
308 3
307 1
306 3
306 1
304 1
304 4
304 3
304 3
304 1
304 4
303 3
303 1
302 4
299 1
299 4
299 4
299 4
298 4
298 3
297 2
296 1
296 3
296 1
296 2
295 3
295 4
294 4
294 1
292 2
292 1
291 3
290 3
290 1
289 1
289 1
289 1
289 3
288 2
288 4
288 1
287 4
286 2
285 4
285 1
285 4
283 3
283 4
283 3
283 1
282 4
282 2
282 4
282 2
281 4
281 2
280 4
280 2
279 1
279 4
279 2
279 1
278 3
278 2
277 4
277 2
277 4
277 3
277 1
275 4
275 1
274 4
274 4
274 3
274 4
274 3
274 4
273 3
273 2
273 1
273 1
272 3
272 2
272 4
272 1
272 4
272 4
272 4
272 1
271 4
271 2
271 2
271 3
271 3
270 4
269 4
269 4
269 2
269 2
268 4
268 1
268 1
268 2
268 2
267 4
267 3
267 2
267 1
267 1
267 4
267 4
266 3
266 4
266 2
265 1
265 4
265 1
265 4
265 2
265 3
265 2
265 1
265 4
265 2
264 2
264 1
264 3
264 1
264 4
264 1
264 4
264 4
264 3
264 3
264 1
263 4
263 2
263 1
263 3
263 4
263 2
263 1
263 2
263 3
262 2
262 4
261 4
261 1
261 1
261 4
261 4
261 1
260 2
260 1
260 3
260 1
260 2
259 4
259 1
259 4
259 2
259 2
259 4
259 2
258 3
258 2
258 2
258 2
258 3
258 2
258 1
258 1
258 4
257 3
257 2
257 3
257 4
257 2
257 1
257 1
257 3
256 4
256 3
256 1
256 1
256 3
256 3
255 3
255 2
255 1
255 1
255 2
255 4
255 2
255 4
255 2
255 1
255 4
254 2
254 1
254 1
254 1
254 2
254 2
254 2
254 1
254 2
254 2
254 2
254 1
254 3
253 2
253 4
253 2
253 2
253 1
253 1
252 2
252 3
252 4
252 3
252 3
252 2
252 4
252 1
252 4
252 4
252 2
251 4
251 3
251 4
251 2
251 3
251 1
251 1
251 2
251 4
251 1
251 2
251 2
251 4
251 1
250 1
250 1
250 4
250 4
250 2
250 3
250 1
250 4
250 1
250 2
250 3
250 4
