501
7470 16
498 1
498 3
498 4
497 3
497 2
497 4
496 1
496 1
495 3
495 4
495 2
493 2
493 4
492 2
491 2
491 1
490 1
490 2
488 1
488 4
487 3
487 3
485 4
485 3
485 1
485 1
484 2
483 2
481 1
480 4
480 1
480 2
479 1
479 4
478 2
478 2
478 1
475 4
475 3
474 3
473 2
473 1
472 2
471 4
470 1
469 3
467 4
467 3
466 4
465 4
464 2
463 1
462 1
460 4
459 2
457 2
456 3
456 2
456 1
455 1
451 1
450 4
447 2
446 1
446 2
446 4
445 3
445 4
445 3
445 3
444 1
443 2
442 4
441 2
441 2
439 4
437 4
437 3
434 4
434 2
433 4
433 4
430 1
426 1
426 2
425 1
425 1
425 3
423 1
422 4
421 2
421 4
420 1
419 3
419 3
419 4
418 4
418 1
418 4
418 2
417 3
417 1
415 3
414 4
413 2
412 3
410 4
410 4
407 1
406 4
406 4
405 2
404 2
402 4
401 4
400 3
399 2
398 4
397 2
395 1
395 4
394 4
394 4
393 3
393 3
392 1
392 1
392 4
392 3
390 2
386 2
385 3
383 4
382 3
381 3
381 4
381 3
381 1
379 2
377 4
377 2
376 4
376 4
375 1
375 1
375 1
373 4
372 1
372 2
370 1
370 4
369 3
369 3
369 2
367 1
367 4
366 3
366 2
366 3
366 4
366 3
365 2
364 4
363 1
363 2
363 4
362 1
362 3
361 3
359 1
359 2
357 1
357 4
357 3
356 1
356 4
356 3
356 4
355 2
355 2
354 3
354 2
352 3
352 2
351 1
351 4
350 2
350 1
350 3
350 2
350 1
349 3
347 2
347 4
347 1
347 4
346 3
346 3
344 4
344 4
343 4
343 1
342 3
342 3
340 1
340 2
340 2
340 1
339 1
338 2
337 2
336 3
334 3
333 4
333 3
333 2
333 3
331 2
331 3
330 1
329 1
329 2
326 4
325 2
324 4
324 3
323 3
321 1
320 2
320 2
318 4
318 3
318 2
317 4
315 1
314 3
314 1
313 2
313 1
312 1
312 4
310 4
308 3
308 1
307 1
307 4
307 1
306 1
305 4
303 2
302 1
301 3
301 1
301 4
299 3
299 4
299 3
298 2
298 4
298 3
298 1
298 4
297 2
297 3
296 3
296 4
295 1
295 1
294 4
294 2
294 2
294 2
293 4
293 3
292 1
292 1
291 4
291 2
291 3
291 4
290 3
290 1
289 2
288 4
288 1
287 3
287 3
287 1
287 1
287 2
287 1
285 4
285 3
285 1
285 3
284 2
284 3
283 2
283 4
282 4
282 3
282 2
282 4
282 4
281 1
281 3
281 3
280 4
280 1
280 2
280 1
278 2
277 1
276 1
276 4
276 3
276 4
275 3
275 3
275 1
275 3
275 1
275 3
275 4
274 1
274 4
274 3
274 4
274 3
274 4
274 1
274 2
274 3
273 4
273 1
273 2
273 2
273 3
272 4
272 1
272 4
272 3
272 3
271 4
271 2
271 4
271 3
271 1
271 4
271 1
271 2
270 1
270 3
270 2
269 2
269 1
269 1
269 2
269 4
269 4
269 4
268 2
268 2
267 2
267 2
267 1
267 1
267 2
267 3
266 4
266 3
265 1
265 2
265 2
264 2
264 1
264 2
264 4
263 1
263 2
263 2
263 2
263 3
262 2
262 2
262 4
262 3
262 3
262 1
261 2
261 1
261 4
260 4
260 4
260 4
260 3
259 4
259 1
259 1
259 4
259 2
259 3
259 2
259 1
259 3
259 1
259 2
259 3
259 4
258 1
258 3
258 1
258 2
258 1
258 3
258 4
258 4
258 1
258 3
258 2
257 3
257 4
257 1
256 3
256 1
256 3
256 2
256 2
255 3
255 4
255 2
255 3
255 1
255 4
255 4
255 4
255 1
255 3
254 1
254 3
254 1
254 3
254 4
254 3
254 3
254 1
254 1
254 3
254 1
254 3
254 1
253 1
253 1
253 2
253 4
253 1
253 2
253 4
253 4
253 4
253 2
253 3
253 2
253 4
253 1
252 1
252 2
252 1
252 1
252 3
252 2
252 4
252 1
252 1
252 3
252 4
252 1
251 4
251 1
251 1
251 1
251 4
251 2
251 2
251 2
251 3
250 3
250 1
250 4
250 2
250 3
250 1
250 2
250 3
250 2
250 4
250 4
250 4
250 2
250 3
250 3
