501
7485 16
499 1
498 3
493 4
493 3
491 2
490 2
488 1
486 3
486 2
484 4
482 2
480 3
478 4
478 3
477 2
477 2
476 1
475 2
473 4
472 1
472 4
472 1
472 2
471 4
470 3
468 2
464 3
464 4
464 3
464 1
462 3
461 3
460 4
458 2
458 3
457 2
457 2
456 1
456 2
455 3
455 4
453 1
453 3
452 1
452 4
451 2
451 2
449 4
448 1
447 2
447 3
447 1
446 1
445 1
443 2
443 1
442 2
442 3
442 1
442 1
441 2
441 4
441 4
438 2
437 3
437 3
434 1
434 1
434 3
432 3
432 3
432 3
431 2
430 3
430 4
429 1
427 3
426 3
426 2
425 4
425 3
424 1
423 1
419 2
418 2
418 3
417 4
415 3
415 1
412 1
412 2
412 4
412 3
411 4
410 1
410 4
408 2
406 3
406 2
406 4
406 1
405 3
405 4
404 1
401 4
401 1
399 3
397 4
396 3
396 2
394 2
394 3
394 3
393 2
393 2
393 4
392 1
392 2
392 3
391 4
391 1
389 1
389 2
389 4
387 4
385 2
385 3
383 2
383 4
382 4
382 1
380 3
378 1
378 2
378 3
377 1
376 3
376 4
375 3
375 4
375 3
374 4
374 1
374 4
373 4
373 3
373 4
373 4
372 2
371 1
370 3
370 3
369 3
368 1
368 4
368 1
367 1
367 2
367 4
366 4
364 4
363 3
362 4
362 3
362 1
361 3
361 3
360 1
360 1
360 3
359 3
358 1
358 3
358 4
357 1
356 4
356 3
355 1
355 2
355 3
355 2
355 2
354 2
354 2
353 2
353 2
353 4
353 1
353 1
352 4
352 1
351 4
351 2
351 3
351 1
351 4
350 3
350 2
349 4
347 3
344 2
344 2
344 1
343 3
341 3
340 3
339 4
339 1
338 2
338 4
338 3
335 4
333 3
333 2
332 4
331 1
331 2
330 2
329 2
327 2
327 2
325 4
325 2
325 2
325 1
325 2
323 1
323 1
322 2
322 1
322 1
321 4
321 4
321 2
320 3
319 3
319 1
317 3
317 3
317 1
316 2
316 4
314 2
313 1
312 1
312 4
311 3
310 1
309 3
309 1
309 2
309 1
308 2
308 1
307 1
307 2
307 1
306 1
306 2
306 1
305 1
304 2
304 3
303 1
302 1
301 4
300 2
300 4
300 1
299 2
299 4
298 3
298 4
297 2
297 4
297 4
297 2
295 3
295 3
295 2
295 4
295 2
294 2
294 2
294 2
294 2
293 4
293 4
293 1
293 1
292 2
292 1
292 1
291 1
291 2
291 1
291 4
291 2
290 3
290 2
290 4
290 1
289 3
288 1
288 1
287 1
287 2
287 1
287 4
287 3
287 4
287 1
286 4
286 2
286 4
286 3
285 4
285 1
285 2
285 2
284 1
284 3
284 1
283 4
283 2
283 1
282 2
282 3
282 2
282 4
282 1
282 4
281 2
281 1
281 2
280 3
280 2
280 1
280 4
279 1
279 3
279 4
279 1
279 3
278 2
278 4
278 4
278 3
277 1
277 4
277 2
276 3
276 2
276 3
276 3
276 3
276 3
276 4
275 1
275 1
275 3
275 2
275 2
275 2
275 3
274 3
273 1
273 4
273 2
273 3
273 4
273 1
272 4
272 4
272 3
272 2
271 1
271 3
271 1
271 2
271 3
271 4
270 4
270 3
270 4
270 3
270 4
269 1
269 1
269 3
269 3
269 3
269 3
269 1
269 1
268 3
268 4
267 1
267 4
267 2
266 2
266 2
266 3
266 3
266 2
266 1
266 1
266 3
265 1
265 1
265 1
264 2
263 3
263 4
263 4
263 1
263 3
263 4
263 4
262 2
262 1
262 2
262 3
262 1
262 2
261 3
261 1
261 2
261 2
261 4
261 2
260 4
260 2
259 4
259 4
259 1
259 2
259 3
259 2
259 4
259 1
259 2
259 4
259 4
259 3
258 1
258 1
258 3
258 4
258 4
258 4
258 4
258 2
257 2
257 1
257 2
257 1
257 4
256 4
256 2
256 2
256 4
256 4
256 2
256 3
255 2
255 3
255 2
255 4
255 4
255 4
254 4
254 2
254 2
253 4
253 2
253 4
253 4
253 4
253 3
253 1
253 4
252 2
252 4
252 4
252 2
252 1
252 3
251 3
251 2
251 3
251 3
251 3
251 1
251 4
250 2
250 3
250 4
250 1
250 3
250 3
