501
7485 16
499 3
499 1
498 2
498 2
498 4
497 3
496 4
494 2
494 1
493 2
491 4
488 4
485 2
483 3
482 1
481 4
480 2
479 3
477 2
477 2
476 1
476 3
472 4
472 3
471 3
470 4
468 1
468 4
467 1
467 2
466 1
465 2
464 4
464 3
464 2
463 4
463 3
462 1
462 3
462 1
462 3
462 2
461 1
461 2
460 3
460 2
460 1
459 4
459 4
458 2
457 4
455 2
454 1
454 3
454 1
453 4
452 2
451 1
451 3
451 2
449 2
448 2
447 2
446 3
445 3
445 2
444 1
444 1
444 3
443 4
442 3
441 2
441 1
440 4
439 2
439 1
438 2
438 3
438 1
438 4
438 2
435 1
434 3
434 3
433 2
433 3
431 2
431 2
429 2
429 3
428 3
428 1
426 1
425 4
425 2
424 3
423 1
423 3
423 2
423 1
423 2
422 3
420 4
419 1
417 4
414 1
413 3
412 2
412 2
412 3
411 4
408 3
405 3
405 4
404 2
402 1
402 1
402 3
402 4
400 4
398 4
395 2
395 2
390 1
390 1
388 1
386 3
385 3
384 4
383 4
382 4
381 4
380 1
379 3
379 2
377 4
377 2
376 4
375 1
375 4
375 2
373 2
373 3
373 1
372 3
372 1
371 2
371 3
370 2
369 4
369 2
369 4
369 4
368 2
368 3
368 2
367 3
367 1
366 2
365 3
363 4
362 2
362 3
362 2
362 2
362 2
362 4
360 3
359 1
359 2
358 2
358 4
357 1
357 3
357 2
357 4
357 3
357 4
355 1
354 4
353 4
353 4
352 3
352 3
351 3
350 3
350 4
348 2
346 1
345 3
345 2
345 1
344 2
342 4
342 3
341 4
340 4
339 4
338 1
336 1
336 3
335 4
334 3
334 4
334 4
332 2
331 2
330 3
330 1
327 1
327 4
327 2
327 3
326 4
325 3
323 3
323 3
323 1
321 4
318 2
317 1
317 4
317 2
317 4
316 3
316 3
316 2
315 3
315 2
313 2
313 4
312 2
312 2
311 3
309 3
309 4
308 1
308 4
308 4
307 1
307 4
306 4
306 2
306 2
305 4
305 2
305 2
305 2
304 2
303 4
302 4
302 4
302 2
302 4
301 3
301 4
301 4
301 2
301 2
300 3
300 4
300 3
299 2
299 2
299 2
298 4
298 1
298 1
297 2
297 1
296 4
295 4
294 1
294 4
294 2
294 2
294 2
293 4
293 2
293 3
293 2
293 1
293 3
292 2
292 4
292 4
292 2
291 1
291 4
290 1
290 3
289 1
289 3
288 1
288 2
288 3
288 3
287 3
287 4
287 4
286 3
286 1
286 1
285 1
285 1
285 4
285 1
285 3
285 4
284 4
284 3
284 2
284 2
283 2
283 1
283 1
283 1
283 3
283 4
283 3
283 4
282 2
282 4
282 1
281 1
281 2
281 1
281 2
281 3
280 2
279 1
279 4
278 4
278 4
278 4
278 4
278 3
277 2
277 4
277 1
277 2
277 4
277 3
275 1
275 4
275 2
275 4
275 4
275 3
274 4
274 3
274 1
274 1
274 2
274 1
274 3
273 1
273 1
273 4
273 4
272 2
272 1
271 1
271 4
271 1
271 2
271 3
271 1
271 2
271 1
271 2
270 3
270 3
270 3
270 2
269 3
269 3
269 3
269 3
268 1
268 4
268 2
267 3
267 2
266 1
266 2
266 1
266 4
266 4
266 3
266 3
265 3
265 4
265 1
265 3
265 2
265 2
264 1
264 1
264 2
264 3
264 3
263 4
263 2
263 3
263 2
263 1
263 2
263 3
262 1
262 2
262 2
262 4
262 1
262 4
262 4
261 4
261 4
261 2
261 3
261 1
260 4
260 1
260 2
260 1
260 4
260 1
260 2
259 3
259 2
259 3
259 4
259 4
259 4
259 1
258 2
258 2
258 3
258 3
258 3
258 3
258 4
257 2
257 1
257 4
257 4
257 3
257 4
257 2
256 3
256 1
255 3
255 3
255 1
255 4
255 2
255 3
254 3
254 4
254 2
254 1
253 2
253 2
253 3
252 2
252 4
252 3
252 4
252 2
252 3
252 4
252 1
252 1
252 3
252 3
251 1
251 1
251 2
251 2
251 2
251 2
251 3
251 4
251 4
251 1
250 1
250 2
250 4
250 2
250 4
250 1
250 4
250 4
250 4
250 1
250 1
250 1
250 2
250 3
250 2
250 2
