501
7485 16
499 2
498 3
497 2
497 1
497 2
496 2
496 1
495 3
495 4
493 1
491 2
491 2
490 2
489 3
487 1
486 3
486 3
485 4
484 1
483 2
483 4
481 3
481 1
480 4
480 4
479 1
479 2
478 3
478 1
477 2
475 3
475 4
475 2
473 4
471 4
470 1
470 3
468 1
467 1
465 3
463 4
462 1
462 1
462 2
461 1
461 2
460 2
459 4
458 4
456 2
456 4
456 2
454 1
454 3
453 3
453 4
453 1
453 3
451 4
450 1
450 1
449 4
447 3
447 1
446 4
443 1
442 4
442 3
442 1
441 3
440 3
437 2
436 2
435 4
433 2
431 2
429 1
429 1
428 1
426 3
425 2
424 4
423 2
421 2
421 2
421 2
421 3
421 4
421 1
420 4
420 2
416 2
415 1
415 2
414 2
413 4
413 1
412 3
407 1
405 4
405 1
404 4
403 2
403 4
402 4
401 1
401 2
400 4
398 3
398 2
397 1
396 1
395 1
395 3
394 2
393 3
392 3
391 1
388 3
387 2
387 3
385 3
385 4
383 2
383 4
383 2
383 1
382 3
382 1
382 3
381 4
381 4
380 4
379 1
379 2
379 4
379 3
379 1
375 1
375 1
374 3
374 1
373 1
373 4
372 2
372 4
372 4
371 4
369 3
368 3
368 3
367 3
367 2
367 3
365 3
365 3
365 3
365 4
365 3
365 4
364 3
364 2
364 3
364 3
363 1
363 1
362 2
362 4
361 3
361 2
361 3
361 1
361 3
361 1
361 3
360 4
359 3
359 1
359 4
358 3
358 2
357 4
357 2
356 4
356 4
355 3
355 2
354 3
352 3
352 1
352 2
352 4
351 1
350 3
348 1
347 2
347 2
345 2
343 1
342 2
340 3
340 3
339 3
338 4
337 3
337 2
337 4
336 3
336 2
335 4
334 1
334 1
333 2
332 2
331 4
330 3
330 3
330 2
329 4
329 1
327 1
326 1
326 2
325 4
324 2
323 1
323 3
323 3
322 4
322 1
322 1
321 2
321 2
321 1
321 1
320 1
319 2
319 2
319 3
316 3
316 2
314 3
313 2
312 1
312 3
312 4
311 4
310 2
309 1
309 4
309 4
309 3
309 4
309 1
308 4
307 2
306 4
305 2
305 2
305 2
304 1
302 4
302 2
301 2
301 4
301 3
301 2
301 1
300 1
299 4
299 3
298 1
298 1
298 2
297 2
296 2
296 2
296 2
296 1
296 4
296 2
294 1
294 2
294 3
294 2
293 2
293 2
293 3
293 4
292 2
291 4
291 3
291 2
291 1
290 2
290 1
290 2
290 3
289 4
289 3
288 1
287 4
287 4
286 2
286 4
286 2
286 4
286 4
286 4
285 1
285 1
284 2
283 2
283 3
283 2
282 4
281 1
281 1
281 4
280 3
280 4
280 2
280 2
280 1
279 4
279 3
279 3
278 1
278 4
278 2
278 4
277 4
277 2
277 3
277 3
276 4
276 2
276 4
276 4
275 3
275 1
275 3
275 1
275 1
275 3
275 3
274 1
274 1
273 4
273 2
273 3
272 1
272 2
272 2
272 3
271 4
271 4
270 1
270 4
270 1
270 4
270 2
270 1
270 1
270 4
269 2
269 4
268 1
268 4
268 4
268 4
268 3
268 4
267 3
267 2
267 4
267 3
266 2
266 4
266 4
266 1
265 2
265 1
265 3
264 4
264 2
264 4
264 1
264 4
264 3
264 3
264 3
264 1
264 2
263 3
263 2
263 1
263 1
263 4
263 2
263 2
263 3
262 3
262 3
262 2
262 1
261 2
261 2
261 3
261 3
261 4
260 4
260 3
260 3
259 3
259 1
259 4
259 1
259 3
258 4
258 4
258 1
258 3
257 2
257 4
257 4
257 3
257 4
256 2
256 1
256 3
256 2
256 2
256 1
256 1
256 4
255 4
255 3
255 3
255 4
255 3
255 4
254 1
254 3
254 2
254 2
254 1
254 1
254 3
254 1
254 4
254 3
254 3
254 4
253 3
253 2
253 4
253 3
253 3
253 3
253 1
253 3
253 3
253 4
253 1
253 1
253 2
253 4
253 1
253 1
253 2
253 1
252 4
252 1
252 3
252 3
252 3
252 1
252 3
252 3
252 4
251 2
251 3
251 2
251 2
251 3
251 2
251 2
250 2
250 1
250 3
250 1
250 1
250 2
250 2
250 1
250 4
250 4
250 4
250 1
250 2
