501
7485 16
499 4
498 1
498 3
497 3
497 4
494 1
494 3
493 4
491 1
490 4
490 3
487 4
487 2
486 4
486 3
484 1
482 2
480 3
480 4
479 3
479 3
478 1
477 2
476 4
474 4
474 2
473 4
473 4
470 1
468 4
468 4
468 4
467 4
467 4
467 3
467 3
466 3
465 1
465 1
465 1
464 2
459 4
458 2
457 3
456 4
456 4
455 4
454 2
452 3
452 1
451 2
448 3
448 1
448 1
447 2
445 3
443 1
441 1
440 1
440 2
440 1
439 2
435 4
435 1
434 1
430 4
430 3
429 1
428 2
427 2
427 3
427 4
427 1
426 4
426 3
426 4
425 4
424 4
423 1
421 3
421 1
420 1
419 4
418 3
417 2
416 1
415 4
414 2
414 3
413 2
413 4
413 1
410 3
409 1
409 1
408 1
407 4
405 2
405 4
404 3
404 4
404 1
403 3
402 3
401 2
399 4
399 4
399 4
398 3
397 4
397 2
396 1
395 2
394 2
393 1
393 3
393 1
392 2
390 4
389 1
389 4
388 1
388 2
388 3
387 4
386 4
384 3
383 3
382 3
382 1
381 4
381 1
380 1
378 2
378 4
377 2
376 1
376 4
376 3
376 3
375 3
375 1
375 4
374 1
374 2
373 1
372 3
370 1
369 3
368 2
368 3
368 2
367 3
367 3
365 4
364 1
364 3
364 1
364 1
364 2
363 1
363 2
362 1
362 2
362 3
362 1
360 2
360 1
360 4
360 2
359 4
359 3
358 4
358 2
357 4
357 1
356 1
356 3
355 4
354 4
353 1
353 3
352 2
352 1
352 3
352 4
352 2
350 2
349 1
349 2
346 1
345 4
345 2
344 3
344 4
341 3
341 4
340 1
339 2
339 1
339 3
339 3
339 1
337 1
337 1
337 3
337 3
336 3
336 2
334 3
334 3
334 4
332 2
331 1
330 3
329 1
329 1
327 1
326 1
326 4
326 4
325 2
325 3
324 4
324 2
324 3
323 3
323 2
323 4
323 2
322 4
322 4
321 4
319 2
318 2
318 1
318 4
317 3
317 3
317 2
316 3
314 1
314 3
314 1
314 1
313 2
313 2
313 4
312 2
312 3
312 4
311 1
311 3
310 2
310 1
309 2
308 4
308 1
307 1
307 1
307 2
306 1
305 1
305 2
305 4
304 1
304 2
304 1
304 4
302 2
301 1
301 4
301 4
301 2
301 4
300 4
300 4
300 2
300 4
300 1
300 2
299 1
299 2
298 1
298 3
298 2
298 3
298 4
297 3
296 3
296 4
296 4
295 3
295 2
295 4
295 4
293 3
293 2
292 2
291 3
291 3
291 1
289 2
289 2
289 4
288 4
288 3
288 1
288 2
287 3
287 3
287 1
287 2
286 2
286 4
286 4
285 2
285 3
285 3
283 4
283 3
283 2
283 1
283 4
283 3
282 1
282 3
282 3
282 3
281 2
281 3
281 4
281 2
281 4
280 3
280 4
280 2
279 2
279 4
279 2
279 1
279 2
279 3
279 4
278 2
278 3
278 2
278 4
278 2
278 3
277 4
277 3
277 1
277 1
277 4
276 4
276 1
276 1
276 4
275 2
275 3
275 4
274 2
274 1
274 2
274 2
274 4
274 3
274 1
274 1
274 3
274 2
273 1
273 3
273 2
272 2
272 4
271 1
271 1
271 4
271 2
271 3
270 2
270 3
269 1
269 1
268 3
268 2
267 3
267 1
267 1
267 2
266 2
266 4
266 3
265 2
265 2
265 2
265 2
265 4
265 1
265 1
264 2
264 3
264 1
264 2
264 1
263 1
263 1
263 1
263 2
262 2
262 4
262 2
262 2
262 1
262 4
261 4
261 4
261 4
261 3
261 3
261 2
261 2
260 4
260 3
260 4
260 1
259 3
259 2
259 2
259 2
258 2
258 4
258 3
258 2
258 2
258 2
257 2
257 1
257 4
257 2
257 4
257 1
257 2
256 3
256 3
256 2
256 4
256 3
256 2
255 1
255 3
255 4
254 1
254 1
254 3
254 4
253 3
253 3
253 3
253 3
253 1
253 4
253 1
253 1
252 4
252 3
252 3
252 1
252 3
252 2
252 2
252 2
252 4
252 2
252 1
252 4
252 1
252 4
251 2
251 2
251 1
251 1
251 1
251 4
251 2
251 4
251 3
251 3
250 2
250 3
250 2
250 3
250 3
250 1
250 3
250 2
250 2
250 2
250 4
