1000
1500 16
100 3
100 4
100 3
100 4
100 2
100 4
100 4
100 1
100 2
100 1
100 3
100 4
99 2
99 2
99 4
99 2
99 1
99 2
99 4
99 2
99 1
99 4
99 1
98 2
98 3
98 3
98 4
98 3
98 4
98 4
98 1
97 1
97 1
97 2
97 4
97 1
97 1
97 2
97 4
97 1
97 2
97 1
97 3
97 4
97 1
97 4
97 4
97 2
96 3
96 1
96 1
96 3
96 2
96 4
96 1
96 4
96 1
96 4
96 1
96 2
96 3
96 1
96 3
95 1
95 4
95 3
95 3
95 3
95 3
95 1
95 1
95 3
95 3
95 3
95 3
95 1
95 3
95 4
95 1
94 3
94 1
94 4
94 3
94 2
94 3
94 2
94 1
94 2
94 1
94 2
94 2
94 3
94 1
94 2
93 1
93 1
93 4
93 2
93 1
93 1
93 4
93 2
93 4
92 4
92 3
92 1
92 4
92 3
91 4
91 1
91 2
91 3
90 2
90 2
90 1
90 3
90 2
90 3
90 1
90 1
90 1
90 2
89 3
89 3
89 1
89 2
89 4
89 1
89 2
89 2
89 3
89 1
89 2
89 4
89 2
89 4
88 3
88 2
88 1
88 4
88 1
88 4
88 1
88 3
88 2
87 1
87 1
87 4
87 1
87 3
87 4
87 4
86 3
86 1
86 4
86 1
86 2
86 1
86 4
86 1
86 1
86 2
86 1
85 1
85 3
85 2
85 3
85 4
85 2
85 3
85 4
85 2
85 3
84 4
84 3
84 2
84 1
84 1
84 4
84 1
84 4
84 2
84 3
84 2
83 4
83 1
83 1
83 4
83 4
83 1
83 1
83 2
83 2
83 1
83 2
82 1
82 4
82 1
82 4
82 2
82 4
82 1
82 1
82 4
82 1
82 4
82 4
82 4
82 2
81 2
81 2
81 1
81 2
81 3
81 2
81 4
81 2
81 2
81 2
81 1
81 4
81 3
81 2
81 3
81 3
80 2
80 2
80 3
80 2
80 3
80 2
80 4
80 4
80 1
80 4
80 1
80 1
80 3
80 2
80 2
80 1
79 1
79 4
79 2
79 1
79 2
79 4
79 2
79 4
79 4
79 3
79 2
79 1
79 1
79 4
78 2
78 1
78 4
78 4
78 2
78 2
78 1
78 4
78 4
77 3
77 4
77 2
77 4
77 3
77 1
77 4
77 3
77 1
77 1
77 3
77 2
77 1
77 4
77 4
77 3
77 4
77 3
77 3
77 4
76 3
76 3
76 1
76 2
76 4
76 2
76 4
75 1
75 3
75 4
75 4
75 4
75 2
75 1
75 4
75 3
75 1
75 1
75 3
75 3
74 3
74 4
74 2
74 1
74 4
74 4
74 1
74 3
74 1
74 3
74 3
74 2
74 2
74 1
74 3
74 2
74 4
74 4
74 3
74 2
74 4
74 3
73 2
73 2
73 3
73 1
73 3
73 3
73 4
73 1
73 4
73 1
73 1
73 3
73 3
73 3
73 3
72 4
72 1
72 3
72 4
72 4
72 1
72 1
72 1
72 3
72 4
72 2
72 1
72 1
72 1
72 1
72 2
72 2
72 1
71 1
71 3
71 4
71 2
71 1
71 2
71 4
71 2
71 3
71 4
70 2
70 1
70 1
70 1
70 2
70 4
70 4
70 3
70 4
70 1
69 2
69 3
69 2
69 2
69 1
68 4
68 4
68 4
68 4
68 4
68 1
68 1
68 4
68 2
68 1
68 1
68 4
68 4
68 4
68 3
68 2
67 2
67 1
67 4
67 2
67 3
67 2
67 3
67 2
67 4
67 4
67 1
67 1
67 4
67 4
67 4
67 1
67 2
66 4
66 3
66 1
66 2
66 2
66 2
66 3
66 4
65 4
65 3
65 1
65 3
65 1
65 3
65 1
65 2
65 1
65 3
65 2
64 4
64 1
64 3
64 2
64 4
64 1
64 3
64 3
64 3
63 2
63 3
63 2
63 1
63 4
63 2
63 4
63 3
63 2
63 2
63 3
63 4
63 3
63 4
63 2
63 2
63 3
62 3
62 1
62 3
62 4
62 4
62 3
62 2
62 3
62 1
62 3
62 3
61 3
61 3
61 3
61 4
61 3
61 2
61 4
61 2
60 2
60 4
60 3
60 4
60 2
60 1
60 1
60 3
60 3
59 4
59 3
59 1
59 1
59 2
59 2
59 4
59 2
59 1
59 3
59 2
59 1
59 2
59 2
59 3
58 2
58 1
58 4
58 1
58 4
58 3
58 4
58 3
58 1
58 2
57 4
57 3
57 2
57 3
57 2
57 3
57 3
57 2
57 3
57 2
57 1
57 4
57 1
57 3
57 3
57 3
56 2
56 3
56 3
56 4
56 4
56 2
56 1
56 2
56 1
56 4
56 3
56 3
56 1
55 3
55 1
55 3
55 2
55 2
55 4
55 3
55 4
55 4
55 3
55 3
55 3
55 3
55 4
55 2
55 2
55 4
55 3
55 4
55 3
54 3
54 4
54 1
54 4
54 3
54 1
54 1
54 1
54 4
54 4
53 4
53 1
53 2
53 3
53 3
53 4
53 1
53 2
53 4
53 3
53 4
53 1
52 4
52 3
52 2
52 2
52 1
52 2
52 3
52 4
52 1
52 1
52 2
52 1
52 3
51 3
51 2
51 1
51 1
51 2
51 1
51 3
51 4
50 3
50 2
50 2
50 3
50 3
50 1
50 1
50 1
50 1
50 1
50 4
50 2
50 2
50 2
50 2
50 4
49 3
49 2
49 1
49 1
49 3
49 2
49 3
49 2
49 2
49 1
49 2
49 4
49 2
49 4
49 1
49 3
48 3
48 3
48 3
48 2
48 1
48 3
48 3
48 1
48 1
48 2
48 4
48 3
48 4
48 4
48 1
48 1
48 2
48 4
47 3
47 4
47 2
47 1
47 2
47 1
47 3
47 1
47 3
47 2
47 3
47 3
47 1
46 4
46 3
46 3
46 3
46 1
46 2
46 2
46 3
46 2
46 2
46 2
46 3
46 1
46 4
45 2
45 1
45 3
45 4
45 4
45 1
45 4
44 2
44 2
44 4
44 4
44 4
44 2
44 4
43 1
43 2
43 3
43 1
43 4
43 1
43 2
43 2
42 1
42 4
42 4
42 4
42 3
42 1
42 4
42 2
42 4
42 1
42 3
42 2
42 4
42 4
42 4
42 4
42 3
41 2
41 1
41 1
41 3
41 2
41 4
41 4
41 1
41 1
41 3
40 3
40 2
40 3
40 2
40 2
40 4
40 3
40 1
40 3
40 2
40 1
40 4
40 3
40 2
40 3
40 4
40 4
40 3
39 4
39 3
39 1
39 1
39 4
39 4
39 4
39 1
39 3
39 3
39 3
39 1
39 1
39 2
38 1
38 4
38 3
38 2
38 2
38 3
38 2
38 4
38 3
38 2
38 4
38 3
38 4
37 1
37 4
37 4
37 4
37 3
37 1
37 4
37 3
37 3
37 1
37 4
37 2
37 2
36 3
36 3
36 2
36 1
36 3
36 2
36 3
36 1
36 4
36 4
36 3
36 1
36 1
36 2
36 2
35 1
35 3
35 1
35 3
35 2
35 4
35 4
35 3
35 1
35 2
35 4
35 3
34 2
34 3
34 4
34 3
34 2
34 2
34 1
33 4
33 4
33 3
33 1
33 3
33 1
33 2
33 2
33 2
33 1
33 4
33 4
32 3
32 2
32 2
32 4
32 1
32 4
32 3
32 1
32 1
32 4
32 1
32 1
31 2
31 3
31 3
31 1
31 3
31 3
31 2
31 1
31 2
31 3
31 3
31 4
31 3
31 1
31 1
31 2
31 3
31 1
31 4
31 4
31 2
30 2
30 3
30 1
30 3
30 4
30 4
30 3
30 3
30 1
30 4
30 1
30 3
30 1
30 1
30 3
30 3
30 4
29 1
29 1
29 3
29 3
29 1
29 2
29 2
29 2
28 1
28 2
28 1
28 4
28 4
28 4
28 4
28 3
28 1
28 2
28 1
27 1
27 2
27 1
27 1
27 1
27 3
27 1
27 4
27 3
27 1
27 4
27 2
27 1
27 3
27 3
26 3
26 2
26 4
26 1
26 2
26 2
26 3
26 2
25 4
25 1
25 3
25 1
25 2
25 2
25 2
25 3
25 3
25 3
25 2
25 3
24 4
24 3
24 4
24 3
24 3
24 1
24 1
24 1
24 3
24 2
24 1
24 1
24 2
24 3
23 1
23 2
23 2
23 4
23 3
23 1
23 1
23 1
23 2
23 3
23 2
22 2
22 4
22 4
22 3
22 2
22 2
22 2
22 1
22 3
22 1
21 2
21 2
21 4
21 1
21 1
21 4
21 2
21 2
21 3
21 2
21 2
21 4
21 2
21 2
21 3
21 2
21 3
20 3
20 1
20 4
20 2
20 3
20 2
20 1
