120
1500 16
100 3
100 4
99 2
97 4
97 2
97 1
96 2
96 1
95 2
95 2
95 1
95 2
94 3
92 4
92 1
91 4
91 4
90 1
90 2
90 3
89 2
88 1
87 3
87 3
86 3
86 2
85 3
84 3
84 2
84 2
83 3
82 3
82 4
81 1
80 4
80 1
80 1
79 3
78 2
76 1
75 1
74 2
74 2
73 1
73 1
73 4
71 1
71 3
70 1
70 4
68 1
67 1
66 1
65 1
63 1
63 3
63 1
62 2
61 3
60 3
60 2
59 2
58 4
58 2
57 1
56 3
56 4
54 1
54 2
54 2
53 3
52 1
49 3
48 3
47 2
47 3
46 4
46 1
46 4
45 3
45 2
45 1
44 3
43 4
43 3
42 3
42 4
42 1
40 1
40 3
40 1
39 4
37 4
37 2
35 1
35 2
35 3
35 3
34 3
34 1
33 2
32 2
32 3
31 2
30 3
29 3
29 3
28 3
27 4
27 2
26 1
26 1
26 2
25 1
25 4
25 4
24 4
22 4
21 2
20 4
