120
1500 16
100 1
99 2
99 3
99 4
98 2
98 4
96 1
96 1
95 1
94 4
94 4
94 3
93 1
92 4
91 2
89 1
89 4
88 2
87 2
87 1
86 1
85 3
84 1
83 1
82 3
82 4
81 1
79 3
77 4
77 4
76 1
75 4
74 4
74 3
71 3
71 3
70 1
70 3
70 1
69 2
69 3
69 2
68 1
66 4
66 3
66 3
66 4
65 3
64 1
64 2
64 3
63 1
63 4
62 3
62 1
62 3
61 1
61 1
61 1
61 3
60 2
60 4
60 3
60 1
59 2
57 1
57 3
56 3
56 1
55 3
55 3
54 2
54 3
53 3
53 3
53 3
53 4
52 4
51 1
50 3
50 2
50 4
49 1
48 4
47 3
47 2
47 4
46 4
45 1
45 2
44 2
44 2
44 1
43 3
41 2
41 4
40 1
40 2
40 3
38 4
37 2
37 4
37 2
36 2
35 1
35 3
34 2
34 4
34 1
32 3
32 1
27 3
26 4
26 1
25 1
24 2
24 3
23 2
23 3
20 4
