120
1470 16
98 1
98 3
98 2
96 1
96 4
94 1
93 4
93 1
92 4
91 1
91 2
90 2
87 1
86 1
85 2
85 4
84 1
84 3
84 4
84 3
84 1
83 2
83 4
82 3
82 4
81 2
80 4
80 3
80 2
79 4
79 2
78 4
78 2
78 2
78 4
76 1
74 1
74 3
73 2
73 4
73 4
73 2
72 3
71 2
70 4
70 4
70 2
69 3
69 3
69 4
67 2
66 3
64 2
62 3
62 1
60 3
60 2
59 4
58 1
58 3
58 4
57 1
57 2
57 1
57 1
55 3
55 4
55 3
50 2
49 4
49 4
49 1
47 3
46 4
46 2
45 4
45 1
44 2
44 4
43 4
43 1
43 3
43 4
42 4
42 4
42 4
42 3
42 2
41 4
41 4
41 4
39 2
39 1
38 2
38 1
38 1
37 2
36 4
36 1
36 2
35 2
33 4
33 1
33 1
32 2
32 4
30 1
30 1
30 3
29 1
28 2
27 4
27 1
26 3
25 1
25 3
24 2
23 3
23 3
20 1
