120
1500 16
100 2
100 2
99 4
99 4
98 1
98 3
98 3
98 3
98 2
97 4
97 2
97 1
95 4
95 3
95 1
94 2
92 2
90 3
90 2
88 2
88 2
85 4
82 1
81 1
81 4
81 2
80 1
80 3
80 4
79 3
79 3
78 2
78 2
76 1
75 1
75 4
74 3
72 4
72 1
71 2
70 1
70 1
70 1
68 2
67 4
67 1
67 4
67 3
66 1
66 3
65 2
65 1
64 2
62 4
61 4
61 3
60 4
60 3
60 1
59 2
58 4
57 1
57 3
57 3
55 1
55 1
53 2
53 2
53 2
53 3
53 1
53 3
52 3
52 2
50 1
49 1
49 1
48 1
48 2
47 1
47 4
47 3
46 1
46 4
45 1
45 4
45 4
44 3
43 1
43 3
43 2
41 1
39 3
39 2
39 3
38 4
38 3
37 1
36 4
36 2
36 2
35 3
33 1
32 1
30 1
30 4
29 4
29 1
27 2
27 2
27 1
25 4
24 2
23 3
23 4
22 2
22 1
22 1
20 4
20 4
