120
1500 16
100 2
100 3
100 3
99 1
99 2
99 1
99 1
98 4
96 3
95 3
95 3
94 4
94 4
94 2
94 3
93 2
92 2
92 1
92 2
91 3
90 3
90 4
90 1
89 3
88 3
87 1
87 3
85 2
84 1
84 3
84 2
84 1
83 3
83 4
82 3
81 1
79 1
79 3
78 4
78 2
76 2
76 2
76 2
75 3
75 1
75 1
75 2
73 1
72 1
72 1
71 1
70 4
70 2
70 4
69 1
68 2
67 1
66 4
66 4
65 1
64 4
64 3
63 1
62 1
62 4
61 1
61 2
61 3
60 1
59 4
59 1
59 1
58 4
58 4
58 3
56 1
56 4
55 2
54 3
53 4
52 3
51 4
50 1
49 2
49 1
48 3
48 2
47 1
47 3
45 3
45 4
44 3
44 3
44 1
42 3
40 2
40 2
38 3
38 2
38 3
35 4
35 1
34 3
34 4
33 4
33 1
32 4
32 4
30 1
30 1
28 3
27 1
27 3
27 4
27 2
25 3
23 2
23 3
22 3
21 2
