120
1485 16
99 1
96 2
95 3
93 1
91 2
91 3
91 2
90 4
88 2
88 2
87 3
87 3
87 2
86 2
86 4
84 2
84 1
84 4
82 4
82 3
82 4
81 2
81 3
80 2
79 2
79 4
78 4
78 1
78 3
78 3
78 4
77 1
77 1
76 4
76 4
76 3
74 3
74 2
73 3
72 2
72 1
71 2
71 4
71 1
69 3
69 2
69 1
69 3
68 2
66 3
66 1
66 3
66 1
65 3
64 1
64 2
64 1
63 3
62 1
62 2
60 1
59 1
59 2
58 1
58 2
57 4
57 1
57 4
56 3
56 2
56 1
55 2
54 2
54 1
54 4
52 3
52 3
51 3
51 4
50 2
49 4
49 3
48 2
47 4
46 4
46 1
45 3
45 4
45 1
44 1
43 1
42 1
42 2
41 3
41 4
38 4
37 3
37 1
37 1
36 1
36 1
35 2
34 3
33 4
33 1
32 4
32 2
30 4
29 4
28 1
27 4
26 1
26 3
26 4
24 1
23 1
23 4
22 2
22 4
20 3
