250
1500 16
100 2
99 1
98 4
97 2
97 1
97 1
96 1
96 1
96 3
95 1
95 1
95 3
95 4
95 3
95 3
95 1
94 2
94 1
94 3
93 4
91 1
89 1
89 3
89 4
88 1
88 2
88 1
88 4
87 1
87 4
86 3
86 3
86 2
86 3
86 1
86 2
86 3
85 2
85 1
85 3
85 1
84 4
84 2
84 3
83 1
83 1
83 3
83 4
83 3
83 1
82 2
82 1
82 1
82 1
81 1
81 4
81 3
81 3
81 2
81 2
81 1
80 3
80 2
80 1
80 4
79 2
79 3
79 4
79 4
78 3
78 2
77 3
77 1
77 1
77 3
76 4
75 3
75 3
74 3
74 2
74 3
74 4
74 1
74 4
73 3
73 2
73 2
73 4
73 2
73 2
72 4
72 3
72 2
70 1
70 2
70 3
69 4
69 4
69 4
68 4
68 2
67 1
66 4
66 3
65 2
65 3
65 4
64 3
63 4
63 3
63 1
63 4
63 2
62 4
62 3
60 3
60 4
60 1
59 4
59 2
59 1
59 2
57 2
57 4
57 1
57 4
56 4
56 2
55 1
55 3
55 4
54 4
54 2
54 1
53 1
53 4
53 4
53 3
52 3
51 1
50 3
50 1
49 4
49 4
49 3
49 4
48 3
48 2
48 2
48 4
48 1
48 3
47 4
47 1
47 1
46 4
46 3
46 4
46 1
45 4
44 3
44 1
43 2
42 1
42 4
42 1
42 3
42 1
41 1
41 1
41 3
40 2
40 4
40 4
40 3
40 1
39 3
39 1
39 3
38 1
38 3
38 1
38 3
38 1
38 1
37 3
37 3
37 1
36 2
36 1
36 2
36 3
36 3
35 2
35 3
34 4
33 2
33 4
33 2
32 2
32 2
32 3
32 3
32 3
31 3
31 3
31 1
31 2
31 3
31 4
30 4
30 4
30 4
30 2
29 3
29 4
29 1
29 4
28 2
28 3
28 1
28 3
27 3
27 2
27 3
27 3
27 1
27 2
26 1
26 2
26 2
25 1
25 1
25 3
25 3
24 3
24 3
24 3
23 3
22 1
22 1
22 2
22 2
21 4
21 2
21 1
21 2
20 1
20 1
20 3
