250
1500 16
100 3
99 3
97 4
97 4
96 4
96 1
96 2
96 3
96 1
95 4
95 2
95 2
95 4
94 1
94 2
93 3
93 2
93 4
93 4
93 4
93 2
92 3
92 1
92 2
91 4
91 1
90 4
90 4
90 4
90 4
89 2
88 2
88 3
88 4
87 2
87 1
87 3
87 1
87 2
86 2
86 3
86 1
86 2
85 4
85 1
85 3
84 3
83 4
83 2
83 3
82 1
82 1
82 3
82 2
81 1
81 4
80 1
80 2
80 4
80 2
80 2
80 1
80 3
79 3
79 2
79 3
78 2
78 4
77 1
77 3
77 1
77 4
77 1
77 3
77 1
76 1
76 3
76 3
76 3
76 2
76 3
75 3
74 4
74 4
74 1
74 4
73 2
73 4
73 3
73 3
71 4
71 3
71 3
71 1
71 4
71 2
70 3
70 1
70 3
70 1
69 4
69 4
69 3
69 4
69 3
69 1
68 3
68 2
68 3
68 4
68 1
68 3
66 3
66 2
66 3
66 4
66 4
65 2
65 1
64 1
64 3
63 3
63 1
63 1
63 2
61 4
61 1
61 3
61 4
61 2
60 1
60 1
60 2
60 4
60 1
60 3
59 1
59 2
58 2
57 4
57 1
56 1
56 4
56 2
56 1
55 4
53 4
53 1
53 4
53 1
53 4
53 4
52 3
52 1
52 3
51 3
51 4
50 3
50 3
49 4
49 3
49 1
49 4
48 2
48 2
48 3
48 4
47 4
47 3
47 3
47 4
47 4
46 3
46 1
46 4
46 3
46 2
46 3
45 3
45 4
45 2
45 2
44 4
44 2
44 2
43 4
43 4
43 3
43 4
43 3
42 1
42 2
42 3
42 2
42 3
41 1
41 2
41 4
41 1
41 2
41 1
40 3
40 2
40 2
40 1
40 2
39 3
38 1
38 3
37 4
37 1
37 4
37 1
36 4
36 1
35 2
35 1
35 1
34 1
34 4
34 4
34 1
32 1
32 4
31 1
31 3
30 3
29 4
29 4
29 1
28 3
28 2
27 2
27 4
27 3
26 4
26 2
25 4
25 4
24 4
24 4
23 4
22 1
22 3
22 3
21 2
20 2
20 2
20 1
20 3
