500
1500 16
100 4
100 1
100 1
100 4
100 4
100 3
100 2
100 4
100 3
99 2
99 3
99 2
99 4
98 4
98 2
97 1
97 3
97 2
97 2
96 3
96 4
96 2
96 1
96 3
96 4
96 1
95 2
95 3
95 1
95 4
94 1
94 3
94 3
94 2
94 1
94 2
94 2
93 4
93 3
93 2
93 4
93 3
93 3
93 4
93 2
93 2
92 2
92 4
92 4
92 3
92 1
91 3
91 1
91 3
91 4
91 4
91 2
91 2
90 2
90 1
90 3
90 3
89 1
89 4
89 3
89 1
89 2
89 2
89 3
88 1
88 3
88 2
88 1
87 2
87 4
87 2
87 1
87 2
87 4
86 1
86 4
86 4
86 1
85 1
85 3
85 1
85 3
85 3
85 4
85 2
85 4
84 1
84 4
84 2
84 4
84 3
84 4
84 4
84 4
84 4
84 3
83 2
83 3
83 1
83 1
82 3
82 4
82 3
81 2
81 2
80 4
80 4
80 2
80 1
80 4
80 2
80 3
80 2
80 3
79 2
79 2
79 4
79 3
79 2
79 2
79 2
79 3
78 2
78 1
78 1
78 3
78 1
77 3
77 4
77 1
77 3
77 1
77 2
77 1
76 4
76 4
76 4
76 3
76 4
76 2
76 4
75 3
75 3
75 1
75 3
75 2
75 2
74 1
74 2
74 2
74 2
73 1
73 3
73 4
73 4
73 3
73 1
72 3
72 1
72 2
72 1
72 1
72 3
71 4
71 2
71 2
71 2
71 1
70 1
70 3
70 3
70 1
70 4
69 3
69 1
69 3
69 4
69 3
68 2
68 1
68 1
68 1
68 1
68 2
68 1
68 2
68 3
67 2
67 2
67 1
66 2
66 2
66 3
66 2
66 1
66 2
66 2
65 2
65 3
65 1
65 2
65 1
65 3
64 1
64 3
64 3
64 3
64 4
64 1
64 4
64 2
64 3
64 1
64 4
64 1
64 1
63 3
63 1
63 3
63 2
63 1
63 1
63 2
63 1
62 4
62 3
62 4
62 3
62 4
62 3
62 2
61 4
61 1
61 2
61 4
61 1
61 3
61 4
61 2
60 2
60 4
60 3
60 4
59 1
59 3
59 3
59 1
59 4
59 4
59 2
59 4
58 2
58 3
58 3
58 2
58 1
58 4
58 1
58 1
57 4
57 4
57 3
57 4
57 3
56 4
56 3
56 3
56 1
56 4
56 1
56 2
55 2
55 4
55 3
55 2
55 4
55 1
55 4
54 4
54 4
54 4
54 3
54 3
54 4
53 3
53 4
53 1
53 4
53 3
53 3
52 3
52 2
52 4
52 1
52 2
52 2
52 4
51 3
50 2
50 3
50 1
50 4
50 2
50 3
50 1
50 4
49 4
49 1
49 3
49 4
49 3
49 1
48 3
48 3
48 2
48 2
47 3
47 3
47 2
47 2
47 2
46 4
46 2
45 4
45 2
45 3
45 1
45 1
45 3
45 4
45 1
45 4
44 4
44 1
44 4
44 4
43 3
43 2
43 2
43 1
42 1
41 3
41 1
41 4
41 2
40 3
40 1
40 2
40 4
40 4
40 4
40 3
40 2
39 3
39 1
39 3
39 4
39 4
39 1
39 1
39 4
38 3
38 3
38 1
38 1
38 3
38 1
38 4
37 2
37 3
37 3
37 3
37 4
37 3
37 2
37 1
37 3
36 4
36 3
36 4
36 3
36 4
36 2
36 2
36 2
36 3
36 2
36 3
36 2
35 1
35 4
35 4
35 4
35 1
35 1
35 3
35 2
34 1
34 2
34 2
34 2
33 4
32 2
32 2
32 4
32 2
32 2
32 4
31 3
31 1
31 1
31 2
30 4
30 4
30 2
30 3
30 1
30 1
30 2
30 1
30 1
30 4
30 2
29 3
29 4
29 4
29 1
28 2
28 2
28 2
28 1
28 1
28 3
28 4
28 3
27 3
27 4
27 3
27 1
27 4
27 1
27 1
27 4
26 1
26 2
26 4
26 3
25 2
25 4
25 1
25 2
25 4
25 3
25 3
24 3
24 3
24 2
24 2
24 1
24 3
24 1
24 4
23 2
23 2
22 1
22 1
22 2
22 4
22 2
22 4
22 4
22 3
22 3
22 3
22 1
22 2
21 3
21 3
21 2
21 3
21 3
21 1
21 1
21 4
21 1
20 4
20 3
20 1
20 2
20 2
20 2
20 2
20 2
20 2
20 1
