500
1500 16
100 1
100 3
100 4
100 2
100 1
99 3
99 2
99 3
99 4
99 4
98 1
98 2
98 2
98 3
98 4
98 1
98 1
98 4
97 3
96 4
96 3
96 4
95 3
95 3
93 4
93 2
93 1
93 3
93 4
93 2
93 3
93 4
93 3
92 4
92 4
91 1
91 2
91 3
91 4
91 2
91 1
91 4
90 2
90 2
90 4
90 1
90 2
90 4
90 2
89 2
89 1
89 1
89 1
89 4
89 3
89 3
89 1
89 2
89 4
89 4
89 4
88 4
88 4
88 1
88 1
88 3
88 4
88 4
88 3
88 3
88 4
88 3
88 3
88 2
87 3
87 3
87 1
87 3
87 3
87 3
87 2
87 4
87 1
86 4
86 4
85 3
85 2
85 3
85 3
85 4
85 3
85 3
85 3
85 2
84 3
84 3
83 3
83 4
83 3
83 2
83 4
83 1
82 2
82 4
82 1
82 2
82 2
82 3
81 4
81 4
81 2
81 2
81 4
80 2
80 3
80 2
80 4
80 3
80 4
79 4
79 3
79 1
79 3
79 1
79 3
78 1
78 1
78 4
78 1
78 1
78 1
78 4
77 1
77 3
77 3
77 1
77 4
77 1
77 3
77 3
76 3
76 1
76 4
76 4
76 3
75 2
75 4
75 3
75 3
75 3
75 4
75 1
75 4
75 4
74 2
74 4
74 2
74 4
74 4
74 1
74 1
74 3
74 1
73 1
73 3
73 2
73 1
72 1
72 1
72 1
72 1
71 2
71 4
71 3
71 2
71 1
71 2
71 2
71 4
71 4
70 4
70 2
70 1
70 1
70 2
70 4
69 4
69 3
69 1
69 2
69 4
69 1
69 2
69 4
69 4
68 3
68 2
68 1
68 4
68 4
68 1
68 4
67 3
67 4
67 1
67 2
67 1
67 2
66 4
66 4
66 4
66 2
66 2
66 1
66 1
65 1
65 2
65 4
65 3
65 1
65 3
65 1
65 2
65 2
65 4
64 4
64 3
64 3
64 1
64 2
63 1
63 3
63 4
63 2
63 3
63 4
63 3
63 1
63 3
63 4
63 3
62 1
62 3
62 4
62 2
61 3
61 2
61 2
61 2
61 2
61 1
61 4
61 4
60 1
60 3
59 3
59 2
59 2
59 3
58 3
58 3
58 2
58 3
57 2
57 3
57 3
57 2
57 3
57 2
57 1
56 4
56 3
56 4
56 1
56 1
56 4
56 2
56 4
56 1
56 4
56 3
55 4
55 3
55 2
55 2
55 4
55 3
55 4
55 2
55 1
55 4
54 3
54 3
54 3
54 2
53 3
53 1
53 4
53 1
53 4
52 4
52 4
52 1
52 1
52 3
52 4
52 3
52 2
51 2
51 2
51 3
51 3
51 4
51 2
51 3
51 4
51 4
50 4
50 1
50 2
50 3
50 1
50 3
50 2
50 2
49 2
49 1
49 2
49 3
49 1
49 4
48 4
48 4
48 1
48 2
48 2
48 2
48 1
48 3
47 4
47 1
47 3
47 4
46 4
46 3
46 2
46 1
46 1
46 3
46 4
45 2
45 2
45 1
45 1
45 4
45 2
45 2
44 1
44 2
44 1
44 4
44 2
44 3
43 3
43 2
43 1
43 1
43 1
43 2
42 3
42 2
42 1
42 3
42 3
42 4
42 2
42 2
42 3
42 2
42 2
42 2
41 1
40 1
40 1
40 4
39 1
39 4
39 3
39 1
38 2
38 3
38 2
38 3
38 3
37 3
37 2
37 3
37 4
37 3
37 3
36 3
36 3
36 4
36 4
36 4
35 4
35 4
35 1
35 1
35 2
35 1
35 1
35 2
34 4
34 3
34 1
34 1
34 2
34 3
34 4
34 4
34 2
33 1
33 3
33 4
33 3
33 2
33 4
32 2
32 1
32 2
32 4
32 3
32 1
32 4
32 2
32 4
32 2
31 4
31 1
31 2
31 1
31 4
30 3
30 4
30 2
30 4
30 3
30 2
30 4
30 1
29 3
29 2
29 2
29 3
29 3
29 1
28 1
28 1
28 1
28 4
28 4
27 4
27 3
27 4
27 1
26 2
26 4
26 2
26 1
26 3
26 1
26 3
25 1
25 1
25 3
24 4
24 1
24 3
24 1
24 4
23 1
23 2
22 3
22 3
22 2
22 2
21 3
21 1
21 2
21 4
21 2
21 4
21 3
21 4
20 2
20 4
20 4
20 4
20 3
