500
1500 16
100 1
100 1
100 4
100 1
100 2
100 3
100 3
100 4
100 3
99 3
99 1
99 2
99 4
99 1
99 2
99 3
99 1
98 1
98 4
98 4
97 1
97 1
97 1
97 4
97 4
97 4
97 4
97 2
97 4
96 2
96 4
96 3
96 4
96 3
95 3
95 4
95 1
95 1
95 3
95 3
95 1
94 3
94 2
94 1
94 4
94 1
94 1
94 1
93 1
93 1
93 4
93 3
93 3
93 3
93 4
92 4
92 4
92 3
92 1
92 2
92 2
92 2
91 4
91 4
91 4
91 4
91 2
91 3
90 3
90 1
90 4
90 2
90 4
90 4
90 1
90 2
89 2
89 3
89 3
89 4
89 2
89 4
88 3
88 3
88 1
88 4
88 2
88 2
87 4
87 2
87 1
87 1
87 3
87 3
86 4
86 4
86 3
86 2
86 4
85 2
85 1
85 4
85 2
85 2
85 1
84 4
84 2
84 4
84 1
84 2
83 4
83 2
83 4
83 1
83 2
83 2
83 2
83 2
82 4
82 4
82 1
82 2
81 3
81 3
81 2
81 1
81 4
80 3
80 4
80 4
80 1
80 2
80 2
79 1
79 4
79 2
78 4
78 3
78 4
78 2
78 3
78 1
78 2
78 2
77 2
77 3
77 1
77 2
77 3
77 1
77 2
76 2
76 4
76 4
76 3
76 4
75 3
75 4
75 2
75 3
74 4
74 1
74 2
74 2
74 2
74 3
73 2
73 2
73 1
72 4
72 3
72 4
72 4
72 3
72 2
72 1
72 4
71 3
71 2
71 3
71 3
71 2
71 3
71 4
70 1
70 1
70 4
70 4
70 1
69 3
69 1
69 1
68 4
68 3
68 1
68 1
68 2
68 4
67 1
67 3
67 1
67 3
67 4
67 1
67 4
66 2
66 3
66 1
66 2
65 2
65 1
65 1
65 4
65 4
64 2
64 2
64 3
64 3
64 1
63 4
63 1
63 1
62 2
62 3
62 2
62 3
62 2
61 1
61 2
61 4
60 2
60 3
60 2
60 3
60 3
59 4
59 4
58 2
58 2
58 2
58 2
58 1
58 1
58 1
57 1
57 3
57 3
57 4
57 2
57 2
56 4
56 3
56 3
56 4
56 3
55 1
55 2
55 1
55 4
55 3
55 4
55 2
54 2
54 3
54 1
53 3
53 4
53 3
53 4
52 3
52 1
52 3
52 4
52 2
52 2
51 2
51 3
51 1
51 4
51 4
51 3
51 4
50 4
50 3
50 4
50 4
50 1
50 2
50 3
49 4
49 1
49 1
49 2
49 2
49 1
49 1
48 1
48 2
48 3
48 4
48 2
48 2
48 3
47 3
46 1
46 4
46 1
46 2
46 2
46 2
46 3
46 4
46 1
46 2
45 4
45 1
45 3
45 1
45 4
45 4
45 1
45 1
45 2
45 4
44 3
44 1
44 3
44 2
44 2
44 3
44 3
44 1
43 4
43 3
43 3
43 3
43 3
43 4
43 4
43 4
42 1
42 1
42 2
42 3
42 4
41 1
41 1
41 2
41 1
41 1
40 2
40 2
40 4
39 4
39 2
39 3
39 3
39 1
38 2
38 1
38 2
38 4
38 2
38 4
38 2
38 3
37 3
37 4
37 4
37 3
37 1
37 1
37 1
37 2
37 4
37 2
36 1
36 4
36 4
36 4
36 3
36 1
36 3
36 2
36 3
36 1
36 1
35 1
35 4
35 4
35 4
35 1
35 1
35 4
34 1
34 1
34 3
34 4
34 4
34 1
34 1
34 2
33 1
33 2
33 3
33 4
33 2
33 3
32 3
32 1
32 2
32 3
32 3
32 1
32 1
32 3
31 1
31 4
31 2
31 3
31 3
31 1
31 2
30 3
30 1
30 1
30 1
29 4
29 2
29 1
29 2
29 3
28 3
28 3
28 1
28 4
28 1
28 4
28 2
28 2
28 4
28 4
28 2
27 4
27 1
27 3
27 4
27 4
27 2
27 2
27 2
26 3
26 2
26 1
26 4
26 2
26 3
26 4
25 3
25 2
25 4
25 2
25 1
25 2
24 2
24 3
24 3
24 1
24 2
24 4
24 4
23 4
23 1
23 1
23 2
23 4
23 3
23 1
23 2
23 1
22 4
22 1
22 4
22 3
21 1
21 3
21 4
21 4
21 2
21 3
21 1
21 3
21 1
21 4
21 1
21 3
20 4
20 4
20 3
20 1
