500
1500 16
100 3
100 3
100 2
100 1
100 2
100 4
100 3
100 1
100 1
100 3
99 3
99 3
99 3
99 2
99 1
99 2
99 1
99 2
99 1
98 1
97 1
97 3
97 3
97 2
97 2
97 1
97 1
96 2
96 2
96 1
96 4
96 1
96 1
95 1
95 1
95 2
95 1
95 1
95 1
95 1
95 2
95 2
94 3
94 1
94 4
94 4
94 2
94 4
94 3
94 4
94 1
93 1
93 4
93 3
93 2
92 4
92 1
92 4
92 1
92 4
92 2
92 3
92 4
92 4
92 4
91 1
91 2
91 3
91 3
91 3
91 3
91 4
91 4
90 4
90 2
90 2
90 3
90 3
90 4
90 2
90 2
89 3
89 4
89 4
89 1
88 3
88 2
88 1
88 2
88 4
87 1
87 4
87 4
87 3
87 3
87 1
87 4
87 4
87 2
87 4
86 1
86 3
86 2
86 2
86 3
85 2
85 3
85 3
85 4
85 4
84 3
84 2
84 3
84 2
83 3
83 4
83 1
83 3
83 4
83 4
83 1
83 2
83 2
83 3
83 4
82 3
82 1
82 3
82 3
82 2
82 4
81 2
81 3
81 3
81 3
81 1
81 4
81 4
80 3
80 4
80 3
80 1
80 2
80 1
80 4
80 1
80 2
80 1
79 1
79 4
79 4
78 4
78 3
78 1
78 3
78 4
78 3
78 1
78 4
78 3
77 3
77 2
77 1
76 4
76 3
76 3
75 2
75 1
75 4
75 3
74 1
74 2
74 4
74 3
74 1
74 4
73 2
73 4
73 1
73 1
73 2
73 4
73 4
72 2
72 4
72 2
72 4
72 3
72 4
72 2
71 3
71 2
71 1
71 4
71 3
70 4
70 2
70 1
70 1
70 2
70 1
70 1
69 3
69 1
69 1
69 3
68 3
68 2
68 3
68 4
68 3
68 2
67 1
67 1
67 3
67 4
67 4
66 1
66 3
66 2
66 4
66 2
66 2
66 4
66 4
65 3
65 4
65 3
65 4
65 1
64 4
64 2
64 1
63 4
63 3
63 3
63 2
63 1
62 4
62 1
62 1
62 3
62 2
62 4
61 4
61 3
61 3
61 3
61 1
61 1
61 1
61 1
61 4
61 1
60 3
60 1
60 1
60 2
60 1
59 4
59 3
59 3
59 3
59 3
59 4
59 3
59 1
58 3
58 1
58 1
58 2
58 2
57 3
57 4
57 4
57 1
57 1
57 3
56 1
56 4
56 2
56 2
56 4
56 4
56 4
56 1
56 3
56 4
56 4
55 2
55 1
55 3
55 4
55 1
55 4
55 2
55 3
54 3
54 3
54 4
54 4
54 3
54 1
54 4
54 4
54 1
53 2
53 2
53 1
53 2
53 1
52 1
52 4
52 2
52 2
52 1
52 2
52 4
51 2
51 4
51 1
51 4
51 4
51 3
51 1
51 2
50 3
49 2
49 1
49 4
49 2
49 2
48 3
48 3
48 2
48 3
48 2
47 3
47 1
46 1
46 4
46 1
46 3
46 2
45 3
45 1
45 1
45 3
45 1
45 3
44 4
44 1
44 4
44 3
44 2
44 3
44 4
44 3
44 2
43 2
43 2
43 2
43 4
43 1
43 4
43 2
42 1
42 3
42 3
42 1
42 4
42 1
42 1
42 3
42 3
41 1
41 2
41 2
41 1
41 2
41 3
41 4
41 4
41 4
41 4
40 2
40 2
40 4
40 3
40 1
40 1
40 3
40 3
39 3
39 2
39 4
39 2
39 2
38 1
38 4
38 2
38 1
38 4
37 3
37 4
37 4
37 1
37 2
37 4
37 4
36 1
36 3
36 2
35 3
35 4
35 4
35 1
35 3
35 4
35 4
35 2
35 4
34 3
34 2
34 4
34 4
34 1
34 2
33 4
33 2
33 4
33 4
33 1
32 2
32 1
32 4
32 1
32 4
32 1
31 1
31 2
31 3
30 1
30 2
30 3
29 3
29 4
29 4
29 1
29 3
29 2
29 4
29 2
29 2
28 3
28 1
27 4
27 1
27 2
27 1
26 1
26 4
26 2
26 3
26 2
26 4
26 3
25 1
25 3
25 2
25 3
25 2
25 4
25 3
25 4
25 2
25 4
24 1
24 4
24 1
24 1
23 4
23 1
23 1
22 4
22 3
22 4
22 4
22 2
22 2
21 3
21 1
21 1
21 3
20 1
20 2
20 2
20 4
20 2
20 3
