500
1500 16
100 1
100 1
100 4
100 2
100 1
100 1
99 3
99 1
99 3
99 2
99 3
99 3
99 3
99 1
98 2
98 3
98 2
98 1
97 4
97 4
97 3
97 2
97 1
97 2
97 2
97 1
97 4
97 1
96 2
96 2
96 3
96 3
96 1
96 4
96 3
96 4
95 4
95 4
95 3
95 3
95 2
95 2
95 3
95 2
95 1
94 2
94 4
94 1
94 2
94 4
94 2
94 2
94 1
94 2
94 4
93 2
93 2
93 1
93 4
92 3
92 2
92 2
91 3
91 3
90 3
90 2
90 3
90 1
90 4
90 2
90 4
90 4
89 3
89 3
89 3
89 4
89 4
89 3
89 4
89 1
88 4
88 2
88 4
88 3
87 2
87 4
87 4
87 4
87 1
86 1
86 1
85 1
85 2
85 4
85 3
84 4
84 3
84 4
84 2
84 4
83 2
83 4
83 1
82 3
82 2
82 4
82 4
82 3
81 2
81 3
81 2
81 4
81 4
81 2
81 1
80 4
80 4
80 1
80 3
80 2
80 2
80 2
80 2
79 4
79 3
79 4
79 3
79 3
79 2
78 2
78 3
78 4
78 2
78 3
77 3
77 1
77 3
77 1
77 1
77 4
77 1
77 2
77 1
77 1
77 3
77 3
76 4
76 4
76 1
75 2
75 3
75 2
75 3
75 4
75 4
74 1
74 2
74 4
74 4
74 1
74 3
74 4
74 3
74 1
74 4
74 1
73 4
73 1
73 4
73 3
73 1
73 3
73 3
72 1
72 4
72 3
72 3
72 1
72 1
72 1
72 3
71 1
71 2
71 3
71 2
71 4
71 4
71 1
70 4
70 4
70 3
70 4
70 1
70 4
69 3
69 3
68 4
68 2
68 2
68 4
67 3
67 3
67 1
67 3
67 2
67 2
67 1
66 3
66 1
66 2
66 2
66 2
65 1
65 2
65 1
65 1
65 4
65 3
65 1
64 3
64 1
64 1
64 3
63 2
63 1
63 1
63 4
63 3
63 2
63 2
62 2
62 2
62 1
62 3
62 4
62 3
62 2
61 3
61 3
61 4
61 1
61 1
61 3
60 2
60 1
60 3
60 3
60 4
60 2
59 2
59 3
59 1
59 4
59 1
59 3
59 4
59 1
59 3
59 2
58 4
58 1
58 4
58 3
58 1
58 4
58 1
58 4
57 2
57 3
57 4
57 4
57 4
57 1
56 2
56 3
56 1
56 2
56 1
55 4
55 1
55 3
55 4
55 3
55 1
55 2
55 4
55 4
55 1
55 3
54 3
54 4
54 2
54 4
54 2
54 3
53 4
53 2
53 3
53 4
53 1
52 2
52 3
52 4
52 3
52 1
52 4
52 3
52 2
52 2
52 4
51 2
51 1
51 2
50 4
50 1
50 1
50 3
50 3
50 2
50 1
50 3
49 1
49 4
49 1
49 2
49 4
49 4
49 2
49 2
48 1
48 1
48 4
48 3
48 3
48 1
48 3
48 3
48 3
48 1
47 4
47 3
47 1
47 3
47 1
46 1
46 3
46 4
46 4
46 4
46 2
46 4
46 4
46 1
45 3
45 3
45 3
45 1
45 1
44 3
44 2
44 1
44 4
43 2
43 3
42 3
42 1
42 4
42 2
42 4
42 1
41 3
41 3
41 3
41 1
41 2
40 3
40 1
40 4
40 3
40 4
40 4
40 2
39 4
39 4
39 4
39 4
39 2
39 2
39 4
38 2
38 2
38 3
37 4
37 1
37 2
37 3
37 3
37 4
37 3
36 3
36 3
36 3
36 3
36 1
36 4
36 4
35 1
35 4
35 1
35 2
35 2
35 2
34 3
34 1
34 2
34 2
34 4
33 4
33 1
33 3
33 4
33 4
33 4
33 4
32 3
32 2
32 2
31 4
31 3
31 2
31 3
31 4
31 3
31 1
31 2
31 3
30 2
30 3
30 1
30 4
30 1
30 4
30 1
30 3
30 2
29 3
29 2
29 3
29 1
28 4
28 1
28 4
28 3
28 4
28 3
27 4
27 2
27 2
27 1
27 3
27 4
26 2
26 3
26 3
26 3
25 1
25 2
25 2
25 2
25 2
25 1
24 1
24 3
24 3
24 2
24 2
24 1
24 4
23 1
23 2
23 1
23 4
23 1
23 1
23 3
23 1
22 1
22 2
22 3
22 2
22 4
21 4
21 1
21 1
21 3
21 1
21 3
20 1
20 4
20 1
