500
1500 16
100 1
100 4
100 1
100 3
100 4
100 3
100 4
100 4
100 3
100 4
99 2
99 3
99 1
99 3
99 4
99 3
99 2
99 3
99 1
99 2
99 1
98 3
98 3
98 4
98 3
98 3
97 3
97 1
97 2
97 3
97 3
97 4
96 2
96 3
96 1
96 3
96 3
96 4
96 1
95 2
95 1
95 1
95 3
95 4
94 1
94 3
94 2
93 4
93 1
93 1
93 3
93 4
93 1
93 2
93 3
93 2
92 4
92 3
92 2
91 1
91 4
91 3
91 2
91 1
91 2
91 4
91 4
90 2
90 3
90 4
90 3
90 4
90 3
90 2
90 1
90 3
90 1
89 2
89 3
89 4
89 3
89 2
89 2
88 3
88 1
88 2
88 1
88 4
88 2
87 4
87 2
87 2
87 2
86 2
86 2
86 4
86 4
86 2
85 1
85 1
85 1
85 4
84 1
84 3
84 2
84 2
84 1
84 1
84 3
84 4
84 2
84 1
84 2
84 2
83 3
83 3
83 4
83 1
83 2
82 3
82 4
82 2
82 4
82 3
82 4
82 1
81 2
81 3
81 2
81 2
81 1
81 3
81 3
81 3
80 3
80 3
80 3
80 2
79 4
79 3
78 1
78 2
78 2
78 3
78 1
78 4
78 3
78 3
78 2
78 3
77 2
77 2
77 2
77 4
77 4
76 4
76 2
76 1
76 1
76 4
76 4
76 4
76 2
76 3
75 2
75 2
75 2
75 1
74 1
74 1
74 3
74 3
74 4
74 2
74 2
74 1
74 2
74 2
73 3
73 2
73 1
73 1
73 1
73 3
73 3
73 2
72 3
72 2
72 1
72 4
72 2
71 3
71 3
71 2
71 2
71 4
71 1
71 4
71 3
71 4
70 1
70 2
70 3
69 1
69 2
69 2
69 3
69 3
69 1
69 1
69 3
68 3
68 3
68 2
68 3
68 3
68 3
67 1
66 1
66 1
66 1
66 3
66 1
66 1
65 4
65 3
65 3
65 2
65 4
64 4
64 2
64 2
64 2
64 3
64 4
64 2
64 4
64 3
63 1
63 3
63 4
63 4
63 1
63 2
63 3
62 3
62 4
62 1
62 1
61 4
61 4
61 1
61 3
61 4
61 4
61 2
61 2
61 3
61 4
61 2
61 4
61 1
60 3
60 1
60 1
60 1
60 1
59 2
59 2
59 3
59 4
59 3
58 3
58 1
58 2
58 4
58 4
57 4
57 4
57 1
56 3
56 3
56 3
56 2
56 3
56 3
55 3
55 4
55 3
55 3
55 4
55 1
55 1
54 4
54 2
54 4
54 3
54 3
54 3
54 2
53 3
53 2
53 3
53 1
53 3
53 1
52 4
52 3
52 3
52 1
51 3
51 3
51 3
51 3
51 4
51 3
50 3
50 2
50 4
50 2
50 1
49 1
49 3
49 3
49 3
49 4
48 2
48 1
48 3
48 3
48 2
47 2
47 1
47 4
47 1
47 1
47 2
47 2
46 1
46 1
46 3
46 3
46 4
46 4
45 2
45 4
45 3
45 2
45 2
45 2
45 3
44 4
44 4
44 3
44 3
44 4
44 1
44 4
44 1
43 2
43 3
43 1
43 3
43 2
42 1
42 1
42 4
42 1
42 3
42 1
41 3
41 3
41 1
41 1
41 2
41 2
41 2
40 2
40 2
40 1
40 3
40 3
39 4
39 3
39 2
39 4
39 2
39 3
39 3
39 1
38 4
38 4
38 4
38 4
38 1
38 4
38 3
38 3
38 4
37 2
37 3
37 2
36 4
36 4
36 2
36 1
36 3
35 4
35 3
35 1
35 3
35 4
34 3
34 4
34 4
34 2
34 4
34 2
33 3
33 2
33 1
33 2
33 1
33 4
32 3
32 1
32 3
32 2
32 3
32 3
31 3
31 2
31 2
31 1
31 2
31 4
31 1
30 4
30 1
30 2
30 2
30 1
30 2
30 4
29 2
29 4
29 3
28 1
28 3
28 2
28 4
28 1
28 1
28 3
28 4
27 3
27 1
27 3
27 3
27 2
27 2
27 4
26 2
26 1
25 4
25 3
25 4
25 3
24 4
24 3
24 2
24 4
24 4
24 2
24 1
23 3
23 2
23 3
23 2
23 1
23 3
22 3
22 4
22 4
22 4
22 4
22 3
22 3
22 2
22 3
22 1
21 3
21 3
21 4
20 1
20 4
20 3
20 4
20 3
20 2
