295
2
0 0
3 0
0 1
0 0
3 2
2 1
2
0 0
59 50
1 1
5
7 24 85 209 286
0 0 0 0 28
20 78 201 274 295
0 0 0 0 241
25
1 1
2 1 2
1 2
1 2
1 2
1 1
2 1 2
2 1 2
1 2
1 2
1 2
1 1
1 1
1 2
1 2
2 1 2
1 2
1 1
2 1 2
1 1
1 1
1 1
1 2
1 1
1 2
0 13 2 4 9 5 5 2 9 1 0 1 7 13 6 0 1 1 11 8 8 13 1 7 1
16 14 15 8 10 14 9 20 24 4 2 7 13 19 14 10 6 5 12 10 20 23 10 18 8
10 1 10 3 1 8 4 10 8 2 2 4 6 5 8 9 3 3 1 2 8 10 5 6 7
10 10 10 10 10 10 10 10 10 10 10 10 10 10 10 10 10 10 10 10 10 10 10 10 10
1 5 4 1 1 1 1 3 5 2 4 5 3 2 2 4 1 1 3 2 2 3 4 4 4
2 2 2 2 1 1 1 2 1 2 1 1 2 1 1 1 2 2 1 2 1 1 1 2 2
15750
4
600
2
2
136
1
10
3
3
